"tag1","tag2","site","T","Y","X","spec","class","treat","date","status","c1","c2","ch","stemd1","canopy","infls","i1","i2","i3","i4","i5","i6","i7","i8","i9","i10","herbivory","notes","Stat1","Stat2","SpringNotes1","SpringNotes2","ID"
"132","","A","1","6.2","-0.2","ATP","2","remove","41932","1","33","21","23","","4","6","3","2","3","3","3","4","","","","","","","1","1","","","132"
"133"," ","A","1","12.4","-0.1","ATP","3","remove","41932","1","66","27","39","","8","101","9","9","7","9","8","6","7","6","10","9","","","1","1","","","133"
"134"," ","A","1","18.2","-0.1","ATP","2","control","41932","1","23","15","21","","2","3","1","1","1","","","","","","","","","separate plant to the north","1","1","","","134"
"135"," ","A","1","23.7","-0.2","ATP","3","remove","41932","1","64","55","37","","23","135","5","5","1","4","4","4","5","6","4","2","","","1","1","","","135"
"136"," ","A","1","30.2","0.4","ATP","2","remove","41932","1","43","23","13","","4","21","7","5","6","1","5","3","1","4","2","2","","","1","1","","","136"
"137"," ","A","1","35.9","0","ATP","3","control","41932","1","51","33","39","","5","33","3","3","1","1","4","1","1","1","2","3","","","1","1","","","137"
"138"," ","A","1","42.1","-0.2","ATP","2","control","41932","1","32","11","27","","2","9","2","1","3","1","1","2","1","3","2","","","","1","1","","","138"
"139"," ","A","1","48.1","-0.3","ATP","3","control","41932","1","56","36","34","","10","132","1","1","1","1","1","1","1","1","1","1","","some black cankers","1","1","","","139"
"140"," ","A","1","52.9","0.6","ATP","2","control","41932","1","20","15","17","","1","0","","","","","","","","","","","","","1","1","","","140"
"141"," ","A","1","60.4","-0.1","ATP","3","control","41932","1","54","29","21","","5","15","1","1","1","1","1","1","1","1","1","1","","has wire but no tag! ","1","1","","","141"
"142"," ","A","1","66.1","0.1","ATP","2","remove","41932","1","42","39","25","","8","40","2","1","3","3","1","2","2","3","1","5","","","1","1","","","142"
"143"," ","A","1","72.1","-0.3","ATP","3","control","41932","1","71","76","33","","33","389","1","1","1","1","1","1","1","1","1","1","","","1","1","","","143"
"144","","A","1","78","0.3","ATP","2","control","41932","1","25","21","32","","3","1","1","","","","","","","","","","","separate plant to the north","1","1","","","144"
"145","","A","1","83.9","0.2","ATP","3","remove","41932","1","67","55","40","","25","127","4","5","2","5","3","4","5","4","5","4","","","1","1","","","145"
"146","","A","1","90.3","0.7","ATP","2","remove","41932","1","42","36","27","","9","7","2","3","1","2","4","3","6","","","","","","1","1","","","146"
"147","","A","1","96.4","0.7","ATP","3","remove","41932","1","91","65","33","","36","527","6","6","6","2","4","3","4","4","4","4","","","1","1","","","147"
"116","","A","2","5","-0.2","ATP","1","remove","41932","1","5","4","3","3.4","","","","","","","","","","","","","","","1","1","","","116"
"118","","A","2","24.4","-1.1","ATP","1","control","41932","1","4","2","3","1.5","","","","","","","","","","","","","","","1","1","","","118"
"119","","A","2","35.2","1.8","ATP","1","control","41932","2","","","","","","","","","","","","","","","","","","found loose tag but could not find plant","1","1","","","119"
"120","","A","2","49.5","-1.7","ATP","1","remove","41932","1","9","7","8","3.6","","","","","","","","","","","","","","","1","1","","","120"
"122","","A","2","51.9","0.6","ATP","1","remove","41932","1","6","5","7","2.9","","","","","","","","","","","","","","","1","1","","","122"
"121","","A","2","53","0.4","ATP","1","control","41932","1","2","1","4","1.4","","","","","","","","","","","","","","","1","1","","","121"
"106","","A","2","55.1","3","ATP","1","control","41932","0","","","","","","","","","","","","","","","","","","no lvs","1","ERROR","resprouting","ERROR","1056"
"123","","A","2","56.4","2.5","ATP","1","control","41932","1","3","2","5","1.5","","","","","","","","","","","","","","","1","1","","","123"
"124","","A","2","60.8","-2","ATP","1","remove","41932","1","6","6","8","2.5","","","","","","","","","","","","","","","1","1","","","124"
"125","","A","2","61.6","-0.8","ATP","1","control","41932","1","2","2","3","2.2","","","","","","","","","","","","","","","1","1","","","125"
"126","","A","2","64.1","-0.6","ATP","1","control","41932","1","6","5","6","3.2","","","","","","","","","","","","","","","1","1","","","126"
"98","","A","2","64.3","-1.2","ATP","1","remove","41932","3","","","","","","","","","","","","","","","","","","no lvs","1","ERROR","2 neighbors nearby w/in 10 cm","ERROR","1055"
"128","","A","2","83.2","-1.5","ATP","1","remove","41932","1","11","9","9","4.3","","","","","","","","","","","","","","","1","1","","","128"
"129","","A","2","86.9","-1.2","ATP","1","remove","41932","1","6","4","9","2.9","","","","","","","","","","","","","","","1","1","","","129"
"130","","A","2","88.4","0.1","ATP","1","remove","41932","1","3","4","7","2.9","","","","","","","","","","","","","","","1","1","dying on one side","wilting on the top but resprouting from base","130"
"131","","A","2","98.4","-1.5","ATP","1","control","41932","3","","","","","","","","","","","","","","","","","","dried up crispy","1","1","","","131"
"483","","A","3","1","0","ATP","5","control","41932","1","4","2","6","2.4","","","","","","","","","","","","","","","1","1","","","995"
"506","","A","3","3","0","ATV","5","control","41932","1","4","3","4","2.7","","","","","","","","","","","","","","","1","1","","","996"
"692","","A","3","5","-0.5","ATP","4","control","41932","1","4","2","5","2.5","","","","","","","","","","","","","","","1","1","","","692"
"660","","A","3","11","0","ATP","5","control","41932","1","4","3","3","1.9","","","","","","","","","","","","","","stem buried ","1","1","","","997"
"625","","A","3","13","0","ATV","5","remove","41932","1","4","3","5","3.1","","","","","","","","","","","","","","","1","1","","","998"
"837","","A","3","21","0","ATP","5","control","41932","1","3","4","5","2.4","","","","","","","","","","","","","","","1","1","","","999"
"480","","A","3","23","0","ATV","5","remove","41932","1","3","2","5","2","","","","","","","","","","","","","","","1","1","","","1000"
"696","","A","3","25","-0.5","ATP","4","control","41932","1","3","3","7","2.2","","","","","","","","","","","","","","","1","1","","","696"
"697","","A","3","25","0.5","ATP","4","remove","41932","1","3","2","7","2.3","","","","","","","","","","","","","","","1","1","","","697"
"456","","A","3","27","-0.5","ATV","4","control","41932","0","","","","","","","","","","","","","","","","","","no leaves","1","1","Y Change, yellowish","yellowish","456"
"826","","A","3","31","0","ATP","5","remove","41932","0","","","","","","","","","","","","","","","","","","","1","1","","","1001"
"565","","A","3","33","0","ATV","5","control","41932","0","","","","","","","","","","","","","","","","","","","3","0","","dry","1002"
"699","","A","3","35","0.5","ATP","4","remove","41932","1","6","5","7","3","","","","","","","","","","","","","","","1","1","","","699"
"617","","A","3","41","0","ATP","5","control","41932","1","3","3","3","2.2","","","","","","","","","","","","","","","1","1","","","1003"
"501","","A","3","43","0","ATV","5","control","41932","1","3","2","5","2.7","","","","","","","","","","","","","","","1","1","","","1004"
"701","","A","3","45","0.5","ATP","4","control","41932","1","4","3","5","3","","","","","","","","","","","","","","","1","1","","","701"
"595","","A","3","51","0","ATP","5","remove","41932","3","","","","","","","","","","","","","","","","","","dry gray","1","1","","","1005"
"711","","A","3","53","0","ATV","5","control","41932","0","","","","","","","","","","","","","","","","","","","3","0","","dry","1006"
"702","","A","3","55","-0.5","ATP","4","remove","41932","1","4","4","4","2.2","","","","","","","","","","","","","","","1","1","","","702"
"468","","A","3","61","0","ATP","5","remove","41932","3","","","","","","","","","","","","","","","","","","dry gray","1","1","","","1007"
"621","","A","3","63","0","ATV","5","remove","41932","1","9","6","6","3.5","","","","","","","","","","","","","","","1","1","","","1008"
"704","","A","3","65","-0.5","ATP","4","remove","41932","1","7","6","7","4.2","","","","","","","","","","","","","","","1","1","","","704"
"705","","A","3","65","0.5","ATP","4","control","41932","1","2","1","5","1.6","","","","","","","","","","","","","","","1","1","","","705"
"470","","A","3","71","0","ATP","5","remove","41932","1","5","2","8","2.9","","","","","","","","","","","","","","","1","1","","","1009"
"526","","A","3","73","0","ATV","5","remove","41932","1","5","3","5","2.3","","","","","","","","","","","","","","","1","1","","dry","1010"
"706","","A","3","75","-0.5","ATP","4","remove","41932","0","","","","","","","","","","","","","","","","","","lost tag","1","1","","herbivory, changed status from 0 to 1 because recorded alive on 5-20-14","706"
"834","","A","3","81","0","ATP","5","control","41932","3","","","","","","","","","","","","","","","","","","dry gray","1","1","","","1011"
"708","","A","3","85","-0.5","ATP","4","remove","41932","1","9","6","7","4.6","","","","","","","","","","","","","","","1","1","","","708"
"839","","A","3","93","0","ATV","5","control","41932","3","","","","","","","","","","","","","","","","","","","1","1","","dry","1014"
"710","","A","3","95","-0.5","ATP","4","control","41932","0","","","","","","","","","","","","","","","","","","","1","1","","","710"
"842","","B","1","1","0","ATP","5","control","41932","3","","","","","","","","","","","","","","","","","","dry gray","1","1","","","1015"
"843","","B","1","3","0","ATV","5","remove","41932","1","6","6","5","4.1","","","","","","","","","","","","","","","1","1","","","1016"
"844","","B","1","11","0","ATP","5","remove","41932","3","","","","","","","","","","","","","","","","","","dry gray","1","1","","","1017"
"845","","B","1","13","0","ATV","5","remove","41932","1","4","4","7","3.2","","","","","","","","","","","","","","","1","1","","","1018"
"654","","B","1","15","-0.5","ATP","4","remove","41932","1","7","7","7","2.8","","","","","","","","","","","","","","","1","1","","","654"
"846","","B","1","21","0","ATP","5","control","41932","1","5","6","5","2.3","","","","","","","","","","","","","","","1","1","","","1019"
"847","","B","1","23","0","ATV","5","control","41932","0","","","","","","","","","","","","","","","","","","","3","1","sheep ripped off tag and browsed leaves","","1020"
"848","","B","1","31","0","ATP","5","remove","41932","0","","","","","","","","","","","","","","","","","","","1","1","","","1021"
"849","","B","1","33","0","ATV","5","remove","41932","1","4","3","6","2","","","","","","","","","","","","","","","1","1","","","1022"
"850","","B","1","41","0","ATP","5","control","41932","0","","","","","","","","","","","","","","","","","","","3","3","no lvs. ","","1023"
"851","","B","1","43","0","ATV","5","control","41932","1","4","3","5","2.5","","","","","","","","","","","","","","","1","1","","","1024"
"852","","B","1","53","0","ATP","5","control","41932","1","6","4","5","2.2","","","","","","","","","","","","","","no central stem","1","1","multiple stems; y x change","","1025"
"853","","B","1","54","0","ATV","5","control","41932","0","","","","","","","","","","","","","","","","","","","3","3","y, x change","dry gray","1026"
"854","","B","1","61","0","ATP","5","control","41932","3","","","","","","","","","","","","","","","","","","dry","1","1","","","1027"
"855","","B","1","63","0","ATV","5","remove","41932","1","7","3","9","2.5","","","","","","","","","","","","","","","1","1","","","1028"
"664","","B","1","65","-0.5","ATP","4","control","41932","0","","","","","","","","","","","","","","","","","","","3","3","no lvs. ","unsure of status","664"
"665","","B","1","65","0.5","ATP","4","remove","41932","1","7","6","5","3","","","","","","","","","","","","","","","1","1","","","665"
"856","","B","1","71","0","ATP","5","remove","41932","1","3","4","6","2","","","","","","","","","","","","","","","1","1","","","1029"
"857","","B","1","73","0","ATV","5","control","41932","3","","","","","","","","","","","","","","","","","","dry no leaves","1","1","","","1030"
"667","","B","1","75","0.5","ATP","4","control","41932","1","4","3","5","1.7","","","","","","","","","","","","","","","1","1","","","667"
"859","","B","1","83","0","ATV","5","remove","41932","1","3","3","4","2","","","","","","","","","","","","","","","1","1","","","1032"
"860","","B","1","91","0","ATP","5","remove","41932","1","4","4","5","3.2","","","","","","","","","","","","","","","1","1","","","1033"
"861","","B","1","93","0","ATV","5","control","41932","1","3","3","4","2","","","","","","","","","","","","","","","1","1","","","1034"
"670","","B","1","95","-0.5","ATP","4","remove","41932","1","4","4","5","3.1","","","","","","","","","","","","","","","1","1","","removal effective","670"
"107","","B","2","3.6","0.4","ATP","1","remove","41932","1","5","4","7","3","","","","","","","","","","","","","","","1","1","Transect correction, assuming same plant as fall 2013","","832"
"99","","B","2","3.8","0.8","ATP","1","control","41932","1","4","3","4","2.2","","","","","","","","","","","","","","","1","1","","","99"
"663","","B","2","7.9","0.5","ATP","1","remove","41932","1","6","6","5","2.7","","","","","","","","","","","","","","","1","ERROR","","ERROR","1059"
"101","","B","2","8.7","-0.3","ATP","1","control","41932","1","3","3","3","2.4","","","","","","","","","","","","","","","1","1","","","101"
"109","","B","2","11.2","-0.3","ATP","1","remove","41932","1","4","3","4","1.9","","","","","","","","","","","","","","","1","1","assuming the same plant as in fall 2013","yellow tipped lvs. ","833"
"102","","B","2","12.2","0.3","ATP","1","control","41932","1","4","3","5","2.7","","","","","","","","","","","","","","","1","1","resprouting ","growing from base","102"
"103","","B","2","13.4","-0.5","ATP","1","remove","41932","1","7","4","9","2.9","","","","","","","","","","","","","","","1","1","","","103"
"104","","B","2","16.2","0.4","ATP","1","remove","41932","1","6","5","7","2.5","","","","","","","","","","","","","","","1","1","","","104"
"105","","B","2","17.1","-1","ATP","1","control","41932","1","4","4","9","2.4","","","","","","","","","","","","","","","1","1","","","105"
"500","","B","2","19.8","-0.1","ATP","1","control","41932","1","2","2","3","1.6","","","","","","","","","","","","","","","1","ERROR","","ERROR","1060"
"108","","B","2","61.5","0.3","ATP","1","control","41932","1","4","4","7","1.9","","","","","","","","","","","","","","","1","1","","","108"
"114","","B","2","63.6","0.2","ATP","1","control","41932","1","2","2","2","1.9","","","","","","","","","","","","","","","1","1","","","834"
"671","","B","2","75.3","2","ATP","1","control","41932","1","6","4","8","2.8","","","","","","","","","","","","","","","1","ERROR","","ERROR","1061"
"110","","B","2","83.6","0.4","ATP","1","control","41932","1","8","6","7","3.5","","","","","","","","","","","","","","","1","1","","","110"
"111","","B","2","85","0.4","ATP","1","remove","41932","1","7","6","10","4","","","","","","","","","","","","","","","1","1","","big gall","111"
"112","","B","2","86.3","0.1","ATP","1","remove","41932","1","5","4","5","4.1","","","","","","","","","","","","","","","1","1","","","112"
"113","","B","2","91","0.5","ATP","1","control","41932","1","5","5","6","3.3","","","","","","","","","","","","","","","1","1","","","113"
"82","","B","3","6","0.15","ATP","2","remove","41932","1","17","18","16","","2","0","","","","","","","","","","","","","1","1","","tips wilting","82"
"83","","B","3","11.6","-2.4","ATP","3","control","41932","1","39","35","34","","4","81","2.5","2","1","2","1","1","3.5","1","1","1","","","1","1","","","83"
"84","","B","3","17.9","-0.4","ATP","2","control","41932","1","10","15","11","","1","0","","","","","","","","","","","","","1","1","separate plant just to the N","","84"
"85","","B","3","23","0","ATP","3","control","41932","1","120","123","58","","61","286","3","7","3","4","2","1","3","1","1","2","","","1","1","","23 m x 0 m ","85"
"86","","B","3","29.5","0.1","ATP","2","control","41932","1","11","7","12","","1","0","","","","","","","","","","","","","1","1","","","86"
"87","","B","3","35.8","-0.3","ATP","3","control","41932","1","80","94","38","","42","108","1","1","1","1","1","1","1","1","1","1","","","1","1","","","87"
"88","","B","3","41.2","0.9","ATP","2","control","41932","1","22","23","24","","2","0","","","","","","","","","","","","","1","1","","","88"
"89","","B","3","48.3","-0.3","ATP","3","control","41932","1","33","24","37","","6","27","2","1","1","1","1","1","1","1","1","1","","","1","1","","branch dying back ","89"
"90","","B","3","53.1","0.7","ATP","2","remove","41932","1","31","23","27","","4","2","2","1","","","","","","","","","","","1","1","","","90"
"91","","B","3","59.6","-0.4","ATP","3","remove","41932","1","124","90","44","","5","454","6","7","4","9","8","3","7","6","3","4","","","1","1","some dead branches","some dead branches","91"
"92","","B","3","66.4","0.3","ATP","2","remove","41932","1","23","19","36","","3","12","1","2","1","5","3","4","2","3","3","3","","","1","1","","","92"
"93","","B","3","70.9","0","ATP","3","remove","41932","1","74","69","47","","21","122","4","7","3","6","5","4","4","4","5","3","","black aphids","1","1","","","93"
"94","","B","3","78.4","-0.1","ATP","2","remove","41932","1","32","21","26","","4","5","1","1","1","2","4","","","","","","","","1","1","","","94"
"95","","B","3","84.6","0.9","ATP","3","remove","41932","1","112","89","51","","44","251","6","6","3","9","9","5","3","6","6","11","","","1","1","","","95"
"96","","B","3","90","-0.1","ATP","2","control","41932","1","31","22","39","","4","67","4","1","2","4","1","1","2","2","2","1","","","1","1","","","96"
"97","","B","3","96.5","0.3","ATP","3","remove","41932","1","64","39","38","","12","55","4","6","4","6","6","8","9","5","4","8","","","1","1","","","97"
"2","","C","1","6.2","-2","ATV","1","remove","41933","1","7","7","8","4.9","","","","","","","","","","","","","","","1","ERROR","","ERROR","839"
"9","","C","1","9.8","-1","ATV","1","control","41933","1","4","3","4","2.2","","","","","","","","","","","","","","","1","ERROR","","ERROR","840"
"3","","C","1","10","1.8","ATV","1","control","41933","1","2","2","5","2.4","","","","","","","","","","","","","","","1","ERROR","","ERROR","3"
"4","","C","1","11.1","1.4","ATV","1","remove","41933","1","6","5","8","3.5","","","","","","","","","","","","","","","1","ERROR","","ERROR","4"
"5","","C","1","24","-2.1","ATP","1","remove","41933","1","4","2","5","2.8","","","","","","","","","","","","","","","1","ERROR","resprouting","ERROR","5"
"650","","C","1","33.1","-5","ATV","1","remove","41933","1","5","3","5","3.4","","","","","","","","","","","","","","","1","ERROR","","ERROR","1066"
"7","","C","1","34","-0.7","ATV","1","remove","41933","1","6","3","7","3.1","","","","","","","","","","","","","","","1","ERROR","","ERROR","7"
"8","","C","1","42.3","-2.4","ATV","1","remove","41933","1","7","7","12","4.2","","","","","","","","","","","","","","","1","ERROR","","ERROR","8"
"496","","C","1","45.5","-0.6","ATV","1","control","41933","1","3","2","8","2.7","","","","","","","","","","","","","","change x","1","ERROR","","ERROR","1062"
"11","","C","1","52.2","-0.6","ATP","1","remove","41933","1","8","5","11","3.8","","","","","","","","","","","","","","","1","ERROR","","ERROR","11"
"12","","C","1","52.4","-0.55","ATV","1","control","41933","1","2","2","7","2.1","","","","","","","","","","","","","","","1","ERROR","","ERROR","12"
"33","","C","1","52.5","-2.3","ATV","1","control","41933","1","5","3","5","3.4","","","","","","","","","","","","","","gray gall small neighbor to the west","1","ERROR","","ERROR","33"
"13","","C","1","53.7","-1.4","ATP","1","control","41933","1","4","2","6","3.5","","","","","","","","","","","","","","","1","ERROR","","ERROR","13"
"15","","C","1","55.1","-0.6","ATP","1","remove","41933","1","6","6","12","3.4","","","","","","","","","","","","","","","1","ERROR","","ERROR","15"
"16","","C","1","55.2","0.6","ATP","1","control","41933","1","2","2","3","1.4","","","","","","","","","","","","","","","1","ERROR","","ERROR","16"
"18","","C","1","57.6","2.5","ATV","1","remove","41933","1","4","4","5","2.7","","","","","","","","","","","","","","","1","ERROR","","ERROR","841"
"829","","C","1","58.2","1","ATV","1","control","41933","1","4","3","8","1.7","","","","","","","","","","","","","","","1","ERROR","","ERROR","1063"
"659","","C","1","60.6","1","ATV","1","remove","41933","1","4","6","7","2.6","","","","","","","","","","","","","","","1","ERROR","has a gall","ERROR","1064"
"827","","C","1","61.9","1.2","ATV","1","control","41933","1","7","4","8","3.4","","","","","","","","","","","","","","","1","ERROR","","ERROR","1065"
"21","","C","1","63.9","0.3","ATV","1","control","41933","1","6","4","6","3.6","","","","","","","","","","","","","","","1","ERROR","","ERROR","21"
"22","","C","1","64.8","-0.3","ATP","1","control","41933","1","4","3","6","2.1","","","","","","","","","","","","","","","1","ERROR","","ERROR","22"
"25","","C","1","67.9","-1.6","ATP","1","control","41933","1","4","4","7","2.4","","","","","","","","","","","","","","","1","ERROR","","ERROR","25"
"26","","C","1","69.5","0.3","ATP","1","control","41933","1","2","2","4","2","","","","","","","","","","","","","","","1","ERROR","resprouting","ERROR","26"
"29","","C","1","75","0.2","ATP","1","remove","41933","1","15","17","12","6.8","","","","","","","","","","","","","","","1","ERROR","","ERROR","29"
"24","","C","1","75.8","2","ATP","1","control","41933","1","6","5","8","3.6","","","","","","","","","","","","","","","1","ERROR","","ERROR","842"
"30","","C","1","77.5","1.4","ATP","1","remove","41933","1","7","7","8","3.7","","","","","","","","","","","","","","","1","ERROR","","ERROR","30"
"838","","C","1","78.4","-1","ATP","1","control","41933","1","7","4","6","3.4","","","","","","","","","","","","","","","1","ERROR","","ERROR","1067"
"31","","C","1","83.5","0.3","ATP","1","control","41933","1","5","5","5","2.3","","","","","","","","","","","","","","","1","ERROR","","ERROR","31"
"28","","C","1","84","1.5","ATP","1","control","41933","1","8","7","5","3.1","","","","","","","","","","","","","","","1","ERROR","assuming the same plant as in fall 2013","ERROR","843"
"629","","C","1","87.5","2","ATP","1","remove","41933","1","7","5","7","3.2","","","","","","","","","","","","","","","1","ERROR","","ERROR","1068"
"35","","C","2","6","2.4","ATP","3","control","41934","1","58","39","27","","10","37","3","1","1","1","2","2","1","3","1","1","","","1","ERROR","","ERROR","35"
"34","","C","2","7.9","-1.6","ATV","3","control","41934","1","73","44","44","","12","75","4","4","4","4","4","3","3","3","1","3","","","1","ERROR","","ERROR","34"
"36","","C","2","11.5","0.4","ATV","2","control","41934","0","","","","","","","","","","","","","","","","","","left tag","0","ERROR","left tag","ERROR","36"
"37","","C","2","13.1","-0.1","ATP","2","control","41934","1","17","8","24","","1","0","","","","","","","","","","","","","1","ERROR","","ERROR","37"
"38","","C","2","17","-2.4","ATV","3","control","41934","1","101","74","63","","40","92","5","6","3","4","4","6","7","5","2","6","","","1","ERROR","","ERROR","38"
"39","","C","2","18.5","0.1","ATP","3","control","41934","1","37","25","31","","5","11","3","5","1","2","2","1","3","3","1","2","","","1","ERROR","","ERROR","39"
"40","","C","2","23.2","-0.3","ATP","2","control","41934","0","","","","","","","","","","","","","","","","","","no leaves, left tag","1","ERROR","almost dead","ERROR","40"
"41","","C","2","25.1","-2.1","ATV","2","remove","41934","0","","","","","","","","","","","","","","","","","","","0","ERROR","left tag","ERROR","41"
"42","","C","2","28.4","0.4","ATP","3","control","41934","1","56","50","47","","16","140","4","6","4","5","7","12","5","2","6","5","","","1","ERROR","","ERROR","42"
"43","","C","2","32.6","1.1","ATV","3","remove","41934","1","140","97","83","","59","105","11","8","7","10","8","8","7","8","7","13","","","1","ERROR","two dead caterpillars on plant","ERROR","43"
"44","","C","2","36.6","0.05","ATP","2","remove","41934","1","19","15","18","","2","0","","","","","","","","","","","","black stem cankers","1","ERROR","resprouting ","ERROR","44"
"45","","C","2","37.8","-1.8","ATV","2","control","41934","0","","","","","","","","","","","","","","","","","","no leaves, left tag","0","ERROR","dry, left tag","ERROR","45"
"46","","C","2","38.8","0.7","ATV","3","control","41934","1","102","79","62","","34","228","6","4","3","4","1","1","2","3","3","3","","","1","ERROR","","ERROR","46"
"47","","C","2","42.8","0.6","ATP","3","remove","41934","1","66","57","43","","22","128","9","8","5","7","10","5","7","6","6","7","","7 infls. Cut off on ground","1","ERROR","","ERROR","47"
"48","","C","2","47.2","0.25","ATP","2","control","41934","1","11","8","12","","1","0","","","","","","","","","","","","gray gall ","1","ERROR","","ERROR","48"
"49","","C","2","48.2","-1.7","ATV","2","remove","41934","1","36","28","42","","6","9","7","11","8","11","13","13","3","9","11","","","stem base far from canopy","1","ERROR","","ERROR","49"
"50","","C","2","51.1","-0.9","ATV","3","remove","41934","1","97","87","82","","37","147","8","10","9","9","6","8","8","8","8","12","","","1","ERROR","","ERROR","50"
"51","","C","2","54.5","1.9","ATP","3","remove","41934","1","61","38","46","","13","17","5","3","4","4","3","6","5","6","5","1","","2 infls. Cut off on ground, some infls shorter because of browsing","1","ERROR","","ERROR","51"
"52","","C","2","59.9","0.25","ATP","2","remove","41934","1","12","15","12","","1","0","","","","","","","","","","","","brown fuzzy galls","1","ERROR","","ERROR","52"
"53","","C","2","62.5","-1","ATV","2","remove","41934","1","25","21","37","","3","7","4","9","11","7","9","8","12","","","","","","1","ERROR","","ERROR","53"
"54","","C","2","65.8","-0.6","ATP","3","remove","41934","1","79","49","48","","12","147","2","3","3","3","4","6","5","5","3","4","","branches dieing  ","1","ERROR","","ERROR","54"
"55","","C","2","68","2.3","ATV","3","remove","41934","1","154","112","51","","64","135","12","11","5","7","11","8","6","12","5","8","","some rust infls. ","1","ERROR","","ERROR","55"
"56","","C","2","71.6","0.5","ATP","2","remove","41934","1","54","32","36","","13","45","8","6","8","7","7","4","7","3","1","3","","","1","ERROR","","ERROR","56"
"57","","C","2","73.7","-1.4","ATV","2","control","41934","1","17","17","30","","2","1","1","","","","","","","","","","","","1","ERROR","","ERROR","57"
"58","","C","2","78.2","2.45","ATV","3","remove","41934","1","81","46","51","","24","47","12","9","10","12","6","11","14","14","12","8","","black aphids","1","ERROR","","ERROR","58"
"59","","C","2","78.2","-1.1","ATP","3","control","41934","1","60","56","48","","15","118","3","3","4","4","4","4","1","1","2","5","","dying branches ","1","ERROR","","ERROR","59"
"60","","C","2","81.9","1.1","ATV","2","remove","41934","0","","","","","","","","","","","","","","","","","","left tag","0","ERROR","left tag","ERROR","60"
"61","","C","2","84.2","-1.6","ATP","2","remove","41934","1","32","16","42","","5","9","5","10","10","4","7","6","8","9","2","","","","1","ERROR","","ERROR","61"
"62","","C","2","88.6","4.2","ATV","3","control","41934","1","43","24","56","","3","11","4","1","2","3","1","3","2","1","1","1","","black stem cankers","1","ERROR","half dead","ERROR","62"
"63","","C","2","90.4","0.4","ATP","3","remove","41934","1","78","32","24","","12","144","9","6","5","5","8","8","3","9","7","8","","","1","ERROR","","ERROR","63"
"64","","C","2","94.8","0.25","ATP","2","control","41934","1","6","6","9","","1","0","","","","","","","","","","","","","1","ERROR","","ERROR","64"
"65","","C","2","97.3","-0.3","ATV","2","control","41934","1","42","36","42","","10","0","","","","","","","","","","","","some aborted infls","1","ERROR","","ERROR","65"
"531","","C","3","1","0","ATP","5","remove","41933","1","5","4","8","2.5","","","","","","","","","","","","","","","1","ERROR","","ERROR","955"
"292","","C","3","3","0","ATV","5","remove","41933","1","4","3","6","3.2","","","","","","","","","","","","","","","1","ERROR","","ERROR","956"
"592","","C","3","7","0.5","ATV","4","remove","41933","1","6","5","6","3.7","","","","","","","","","","","","","","","1","ERROR","note change in x coordinate","ERROR","592"
"430","","C","3","11","0","ATP","5","control","41933","1","5","5","7","3.3","","","","","","","","","","","","","","","1","ERROR","","ERROR","957"
"766","","C","3","13","0","ATV","5","remove","41933","1","10","6","9","4.4","","","","","","","","","","","","","","","1","ERROR","","ERROR","958"
"812","","C","3","21","0","ATP","5","control","41933","1","3","2","5","2.4","","","","","","","","","","","","","","","1","ERROR","","ERROR","959"
"596","","C","3","27","-0.5","ATV","4","remove","41933","1","5","6","7","3.6","","","","","","","","","","","","","","","1","ERROR","","ERROR","596"
"619","","C","3","31","0","ATP","5","control","41933","1","6","3","6","3.9","","","","","","","","","","","","","","","1","ERROR","","ERROR","961"
"666","","C","3","33","0","ATV","5","control","41933","1","3","3","4","2.3","","","","","","","","","","","","","","","1","ERROR","","ERROR","962"
"598","","C","3","37","-0.5","ATV","4","control","41933","1","3","3","6","2.4","","","","","","","","","","","","","","","1","ERROR","","ERROR","598"
"794","","C","3","43","0","ATV","5","remove","41933","1","5","4","5","4.3","","","","","","","","","","","","","","","1","ERROR","","ERROR","964"
"801","","C","3","45","0.5","ATP","4","control","41933","1","4","3","6","2.2","","","","","","","","","","","","","","","1","ERROR","","ERROR","801"
"600","","C","3","49","-0.5","ATV","4","control","41933","1","5","4","5","2.9","","","","","","","","","","","","","","","1","ERROR","","ERROR","600"
"601","","C","3","49","0.5","ATV","4","remove","41933","1","5","5","7","4.8","","","","","","","","","","","","","","","1","ERROR","","ERROR","601"
"462","","C","3","53","0","ATP","5","control","41933","1","7","4","8","2.2","","","","","","","","","","","","","","","1","ERROR","","ERROR","965"
"518","","C","3","54","0","ATV","5","control","41933","1","5","4","8","3.7","","","","","","","","","","","","","","","1","ERROR","","ERROR","966"
"803","","C","3","55","0.5","ATP","4","remove","41933","1","6","5","8","3.3","","","","","","","","","","","","","","","1","ERROR","","ERROR","803"
"603","","C","3","56","0.5","ATV","4","remove","41933","1","7","6","12","5.3","","","","","","","","","","","","","","","1","ERROR","","ERROR","603"
"828","","C","3","61","0","ATP","5","remove","41933","1","6","5","5","5.1","","","","","","","","","","","","","","multistem","1","ERROR","","ERROR","967"
"680","","C","3","63","0","ATV","5","control","41933","1","6","4","6","3.1","","","","","","","","","","","","","","","1","ERROR","","ERROR","968"
"805","","C","3","65","0.5","ATP","4","control","41933","1","5","4","6","2.8","","","","","","","","","","","","","","","1","ERROR","","ERROR","805"
"604","","C","3","67","-0.5","ATV","4","remove","41933","1","5","5","4","3.2","","","","","","","","","","","","","","","1","ERROR","","ERROR","604"
"605","","C","3","67","0.5","ATV","4","control","41933","1","4","2","5","2.1","","","","","","","","","","","","","","","1","ERROR","","ERROR","605"
"485","","C","3","71","0","ATP","5","control","41933","1","3","3","5","2.1","","","","","","","","","","","","","","","1","ERROR","","ERROR","969"
"806","","C","3","75","-0.5","ATP","4","control","41933","1","5","5","4","1.8","","","","","","","","","","","","","","","1","ERROR","","ERROR","806"
"807","","C","3","75","0.5","ATP","4","remove","41933","1","8","6","9","3.8","","","","","","","","","","","","","","","1","ERROR","","ERROR","807"
"507","","C","3","81","0","ATP","5","remove","41933","1","4","3","4","3","","","","","","","","","","","","","","","1","ERROR","","ERROR","971"
"733","","C","3","83","0","ATV","5","control","41933","1","6","3","10","2.7","","","","","","","","","","","","","","","1","ERROR","","ERROR","972"
"457","","C","3","91","0","ATP","5","remove","41933","1","6","5","5","2.6","","","","","","","","","","","","","","2 stems","1","ERROR","","ERROR","973"
"455","","C","3","93","0","ATV","5","remove","41933","1","8","6","9","4.3","","","","","","","","","","","","","","","1","ERROR","","ERROR","974"
"811","","C","3","95","0.5","ATP","4","remove","41933","1","6","7","10","3.9","","","","","","","","","","","","","","","1","ERROR","","ERROR","811"
"610","","C","3","97","-0.5","ATV","4","control","41933","1","4","4","11","1.8","","","","","","","","","","","","","","","1","ERROR","","ERROR","610"
"668","","C","4","12","-0.2","ATV","2","control","41933","1","65","28","42","","11","18","5","5","5","6","4","5","3","5","6","3","","","1","ERROR","replaces dead class 2's on T2","ERROR","1072"
"510","","C","4","27.2","-0.3","ATV","2","control","41933","1","21","13","35","","1","0","","","","","","","","","","","","","1","ERROR","replaces dead class 2's on T2","ERROR","1071"
"821","","C","4","38.2","0.2","ATV","2","remove","41933","1","55","43","41","","11","23","8","2","7","7","8","11","10","4","6","7","","","1","ERROR","replaces dead class 2's on T2","ERROR","1070"
"511","","C","4","82","1.5","ATV","2","remove","41933","1","52","32","36","","12","5","6","8","7","5","4","","","","","","","","1","ERROR","replaces dead class 2's on T2","ERROR","1069"
"148","","G","1","6.1","-0.5","ATV","2","remove","41933","1","66","34","46","","8","9","4","5","1","4","7","7","6","8","4","","","","1","1","","","148"
"149","","G","1","12.1","-0.3","ATV","3","control","41933","1","40","31","51","","8","8","9","3","8","4","6","6","1","6","","","","","1","1","","","149"
"150","","G","1","18.3","0","ATV","2","control","41933","1","33","44","43","","7","1","5","","","","","","","","","","","black stem cankers","1","1","","","150"
"151","","G","1","23.6","1.3","ATV","3","control","41933","1","48","75","73","","24","59","7","5","11","4","12","10","5","3","3","1","","","1","1","","","151"
"152","","G","1","29.3","0.4","ATV","2","remove","41933","1","58","29","38","","5","0","","","","","","","","","","","","","1","1","","barely alive","152"
"153","","G","1","36.1","0.3","ATV","3","control","41933","1","79","57","69","","14","29","6","6","10","7","7","8","6","7","9","4","","lvs yellow branches thinning, black stem cankers","1","1","","","153"
"154","","G","1","42.2","0.6","ATV","2","control","41933","1","30","19","27","","6","0","","","","","","","","","","","","","1","1","","","154"
"155","","G","1","47.4","-0.4","ATV","3","remove","41933","1","66","32","55","","15","13","8","2","4","3","2","5","4","4","2","4","1","many infls browsed","1","1","","broken branch","155"
"156","","G","1","54.4","0.5","ATV","2","control","41933","1","27","22","40","","3","5","7","7","7","6","8","","","","","","","","1","1","","","156"
"157","","G","1","56.5","0.5","ATV","3","remove","41933","1","126","65","47","","19","9","5","7","5","7","1","8","2","3","1","","1","infls browsed ","1","1","","","157"
"158","","G","1","66.4","0.2","ATV","2","remove","41933","1","49","39","41","","9","0","","","","","","","","","","","","gray gall","1","1","","","158"
"159","","G","1","71.8","0","ATV","3","remove","41933","1","114","88","68","","65","10","13","4","3","6","4","8","6","7","6","2","","black stem cankers","1","1","","","159"
"160","","G","1","77.9","0.6","ATV","2","control","41933","1","47","40","56","","11","12","7","1","3","1","5","4","2","7","6","8","","","1","1","","","160"
"161","","G","1","83.3","0.3","ATV","3","remove","41933","1","84","65","66","","26","38","9","3","10","4","10","7","4","3","5","5","","black rust","1","1","few ants on plant ","switched trtment","161"
"162","","G","1","90.2","0.6","ATV","2","remove","41933","1","33","38","50","","8","3","14","7","7","","","","","","","","","aphids and ants","1","1","lots of ants","","162"
"163","","G","1","95.4","0.1","ATV","3","remove","41933","1","91","57","61","","23","26","11","11","7","7","13","7","8","9","10","12","","aphids and ants","1","1","","ants on plant","163"
"693","","G","3","1","0","ATP","5","remove","41933","1","3","2","2","","","","","","","","","","","","","","1","browsed multistem","1","1","","","875"
"632","","G","3","3","0","ATV","5","control","41933","1","3","2","4","1.8","","","","","","","","","","","","","","","1","1","","","876"
"732","","G","3","5","-0.5","ATP","4","control","41933","1","4","3","5","2","","","","","","","","","","","","","","","1","1","","","732"
"532","","G","3","7","-0.5","ATV","4","control","41933","1","1","1","3","1.4","","","","","","","","","","","","","","","1","1","","","532"
"533","","G","3","7","0.5","ATV","4","remove","41933","3","","","","","","","","","","","","","","","","","1","browsed","1","1","","","533"
"236","","G","3","11","0","ATP","5","remove","41933","1","7","5","7","3.9","","","","","","","","","","","","","","","1","1","","","877"
"552","","G","3","13","0","ATV","5","ERROR","41933","0","","","","","","","","","","","","","","","","","","","3","0","","","878"
"534","","G","3","17","-0.5","ATV","4","remove","41933","0","","","","","","","","","","","","","","","","","","","0","ERROR","left tag","ERROR","534"
"677","","G","3","21","0","ATP","5","remove","41933","1","4","2","7","2.8","","","","","","","","","","","","","","","1","1","","","879"
"623","","G","3","23","0","ATV","5","control","41933","1","4","4","5","2.8","","","","","","","","","","","","","","","1","1","","","880"
"736","","G","3","25","-0.5","ATP","4","remove","41933","1","1","1","5","2.1","","","","","","","","","","","","","1","heavily browsed","1","1","","","736"
"536","","G","3","27","-0.5","ATV","4","control","41933","1","3","2","6","1.5","","","","","","","","","","","","","","","1","1","","","536"
"599","","G","3","31","0","ATP","5","control","41933","1","5","2","10","2.4","","","","","","","","","","","","","","","1","1","","","881"
"559","","G","3","33","0","ATV","5","control","41933","1","5","4","5","2.9","","","","","","","","","","","","","","","1","1","","half dry","882"
"738","","G","3","35","-0.5","ATP","4","control","41933","1","4","2","4","2.3","","","","","","","","","","","","","","","1","1","","","738"
"538","","G","3","37","-0.5","ATV","4","remove","41933","1","10","8","15","6","","","","","","","","","","","","","","","1","1","","","538"
"539","","G","3","37","0.5","ATV","4","control","41933","1","4","3","5","1.8","","","","","","","","","","","","","","","1","1","","","539"
"819","","G","3","41","0","ATP","5","ERROR","41933","0","","","","","","","","","","","","","","","","","","","3","0","","dry","883"
"535","","G","3","43","0","ATV","5","remove","41933","1","2","2","4","2.2","","","","","","","","","","","","","1","browsed","1","1","","","884"
"630","748","G","3","51","0","ATP","5","control","41933","1","1","1","7","2.7","","","","","","","","","","","","","1","browsed/new tag","1","1","","","885"
"657","","G","3","53","0","ATV","5","remove","41933","1","4","3","4","3.9","","","","","","","","","","","","","1","browsed","1","1","","","886"
"742","","G","3","55","-0.5","ATP","4","control","41933","1","1","1","5","1.7","","","","","","","","","","","","","1","browsed","1","1","resprouting, browsed","resprouting","742"
"743","","G","3","55","0.5","ATP","4","remove","41933","1","1","1","3","1.8","","","","","","","","","","","","","1","browsed","1","1","resprouting ","resprouting","743"
"542","","G","3","57","-0.5","ATV","4","control","41933","1","5","4","7","2.6","","","","","","","","","","","","","","","1","1","","","542"
"543","","G","3","57","0.5","ATV","4","remove","41933","1","4","3","4","3","","","","","","","","","","","","","","","1","1","","","543"
"486","","G","3","61","0","ATP","5","control","41933","1","6","5","6","2.8","","","","","","","","","","","","","","","1","1","","","887"
"434","","G","3","63","0","ATV","5","remove","41933","1","2","2","5","2.9","","","","","","","","","","","","","1","browsed","1","1","","","888"
"745","","G","3","65","0.5","ATP","4","control","41933","1","5","3","7","2.2","","","","","","","","","","","","","","","1","1","","","745"
"627","","G","3","71","0","ATP","5","remove","41933","1","6","3","7","2.8","","","","","","","","","","","","","","","1","1","","","889"
"541","","G","3","73","0","ATV","5","control","41933","1","6","3","6","2.8","","","","","","","","","","","","","","","1","1","","","890"
"746","","G","3","75","-0.5","ATP","4","control","41933","1","4","3","6","1.5","","","","","","","","","","","","","","","1","1","","","746"
"747","","G","3","75","0.5","ATP","4","remove","41933","1","3","2","7","3.8","","","","","","","","","","","","","1","browsed","1","1","","","747"
"450","","G","3","81","0","ATP","5","control","41933","1","5","3","8","2.7","","","","","","","","","","","","","","","1","1","","","891"
"798","","G","3","83","0","ATV","5","control","41933","1","2","1","3","1.7","","","","","","","","","","","","","1","browsed","1","1","","","892"
"749","","G","3","85","0.5","ATP","4","control","41933","1","1","1","4","1.7","","","","","","","","","","","","","","","1","1","","","749"
"548","","G","3","87","-0.5","ATV","4","control","41933","1","2","2","4","1.8","","","","","","","","","","","","","","","1","1","","","548"
"549","","G","3","87","0.5","ATV","4","remove","41933","1","2","2","2","2.8","","","","","","","","","","","","","1","browsed","1","1","","","549"
"454","","G","3","91","0","ATP","5","control","41933","1","4","3","5","2.7","","","","","","","","","","","","","","","1","1","lots of galls","","893"
"568","","G","3","93","0","ATV","5","remove","41933","1","3","2","5","2.6","","","","","","","","","","","","","1","browsed","1","1","","","894"
"66","","G","4","3.8","0.4","ATV","1","remove","41934","0","","","","","","","","","","","","","","","","","","","0","ERROR","left tag","ERROR","66"
"545","","G","4","3.9","-1.5","ATV","1","control","41934","2","","","","","","","","","","","","","","","","","","plant lost","1","ERROR","","ERROR","1093"
"67","","G","4","4.9","0.8","ATV","1","control","41934","1","3","2","8","1.8","","","","","","","","","","","","","","","1","1","","","67"
"74","","G","4","5.4","2.7","ATV","1","control","41934","1","5","4","8","3.9","","","","","","","","","","","","","","","1","1","","","853"
"68","","G","4","5.7","0.1","ATV","1","remove","41934","0","","","","","","","","","","","","","","","","","","","0","ERROR","left tag","ERROR","68"
"77","","G","4","15.4","-2.2","ATV","1","control","41934","1","5","3","10","4.2","","","","","","","","","","","","","","","1","1","","good","854"
"740","","G","4","18.5","-0.5","ATV","1","control","41934","1","2","2","6","2.8","","","","","","","","","","","","","1","browsed","1","ERROR","","ERROR","1092"
"750","","G","4","18.8","-0.3","ATV","1","remove","41934","1","1","1","4","2.5","","","","","","","","","","","","","1","browsed","1","ERROR","","ERROR","1091"
"70","","G","4","45.6","-0.9","ATV","1","control","41934","1","4","7","8","6.2","","","","","","","","","","","","","1","browsed","1","1","","","70"
"73","","G","4","49.1","-0.2","ATV","1","remove","41934","1","6","7","8","4.6","","","","","","","","","","","","","1","browsed","1","1","","","852"
"734","","G","4","59.8","-0.2","ATV","1","remove","41934","1","4","3","5","2.6","","","","","","","","","","","","","","","1","ERROR","","ERROR","1090"
"75","","G","4","63.3","-0.7","ATV","1","remove","41934","0","","","","","","","","","","","","","","","","","","","1","1","","","75"
"71","","G","4","73","1.1","ATV","1","control","41934","1","8","6","9","3.6","","","","","","","","","","","","","","","1","1","","","850"
"78","","G","4","76.7","0.1","ATV","1","control","41934","1","6","4","7","3.3","","","","","","","","","","","","","","","1","1","","","78"
"69","","G","4","83","-3.3","ATV","1","control","41934","1","1","1","4","3","","","","","","","","","","","","","1","browsed","1","1","","browsed one leaf left","849"
"79","","G","4","84.3","-0.8","ATV","1","remove","41934","1","4","4","7","4.8","","","","","","","","","","","","","1","browsed","1","1","","","79"
"81","","G","4","99.4","1.2","ATV","1","remove","41934","1","5","4","8","3.5","","","","","","","","","","","","","","","1","1","missing height in spring 2014","","81"
"228","","H","1","5.4","0.2","ATV","1","control","41934","0","","","","","","","","","","","","","","","","","","","0","ERROR","left tag","ERROR","228"
"655","","H","1","7.1","-5","ATV","1","control","41934","1","4","3","7","2.8","","","","","","","","","","","","","1","browsed","1","ERROR","","ERROR","1080"
"475","","H","1","13.2","-3","ATV","1","remove","41934","1","5","3","6","3","","","","","","","","","","","","","","","1","ERROR","","ERROR","1081"
"230","","H","1","14.1","0.7","ATV","1","control","41934","1","2","3","8","2.3","","","","","","","","","","","","","","","1","1","","","230"
"773","","H","1","21.2","0.1","ATV","1","remove","41934","1","4","3","6","2.6","","","","","","","","","","","","","","","1","ERROR","","ERROR","1082"
"231","","H","1","22.3","0","ATP","1","remove","41934","0","","","","","","","","","","","","","","","","","","no lvs","3","3","left tag, changed from 1 to 3, because no leaves or measurement","no lvs, changed status from 0 to 3 because it was recorded 1 on 5-21-14, but that seems odd because no measurements were given","231"
"232","","H","1","42","-2.7","ATV","1","remove","41934","0","","","","","","","","","","","","","","","","","","","0","ERROR","left tag","ERROR","845"
"235","","H","1","47.1","-0.5","ATV","1","remove","41934","0","","","","","","","","","","","","","","","","","","","0","ERROR","left tag","ERROR","846"
"774","","H","1","49.1","-4.6","ATV","1","control","41934","1","4","3","5","2.2","","","","","","","","","","","","","","","1","ERROR","","ERROR","1086"
"790","","H","1","53.3","1.5","ATV","1","remove","41934","1","3","2","7","2.9","","","","","","","","","","","","","","","1","ERROR","","ERROR","1083"
"505","","H","1","53.8","0.1","ATV","1","control","41934","1","3","3","6","2.5","","","","","","","","","","","","","","","1","ERROR","","ERROR","1084"
"233","","H","1","55.7","0","ATV","1","control","41934","0","","","","","","","","","","","","","","","","","","","0","ERROR","left tag","ERROR","233"
"237","","H","1","61.3","-1.5","ATV","1","remove","41934","0","","","","","","","","","","","","","","","","","","","0","ERROR","left tag","ERROR","847"
"720","","H","1","61.9","2","ATV","1","control","41934","1","4","2","9","3.4","","","","","","","","","","","","","1","browsed","1","ERROR","","ERROR","1085"
"238","","H","1","65","1.1","ATV","1","control","41934","1","6","3","9","3.3","","","","","","","","","","","","","1","browsed","1","1","","","238"
"242","","H","1","65","-1","ATV","1","control","41934","0","","","","","","","","","","","","","","","","","","","0","ERROR","left tag","ERROR","848"
"240","","H","1","66.2","-1.9","ATP","1","control","41934","0","","","","","","","","","","","","","","","","","","","0","ERROR","left tag","ERROR","240"
"241","","H","1","77","0.4","ATV","1","remove","41934","0","","","","","","","","","","","","","","","","","","","0","ERROR","left tag","ERROR","241"
"244","","H","1","82.3","-0.1","ATV","1","control","41934","0","","","","","","","","","","","","","","","","","","","0","ERROR","left tag","ERROR","244"
"247","","H","1","85.4","1.2","ATP","1","control","41934","0","","","","","","","","","","","","","","","","","","","0","ERROR","left tag","ERROR","247"
"246","","H","1","99.7","0.2","ATV","1","remove","41934","0","","","","","","","","","","","","","","","","","","","0","ERROR","left tag","ERROR","246"
"197","","H","2","5.7","-1.1","ATV","2","remove","41935","1","63","48","45","","21","66","7","8","6","8","2","8","6","8","8","10","1","only measured intact infls. ","1","1","","lots of grass","197"
"196","","H","2","5.9","0.9","ATP","2","control","41935","1","20","12","31","","1","3","2","5","9","","","","","","","","","","1","1","","","196"
"199","","H","2","11","-3.3","ATV","3","remove","41935","1","65","40","44","","8","1","5","","","","","","","","","","","canopy in 3 parts","1","1","","main branch stomped on","199"
"198","","H","2","12","0.4","ATP","3","remove","41935","1","113","114","50","","53","126","10","6","12","5","4","4","8","6","6","13","","","1","1","","","198"
"201","","H","2","18.5","-2.1","ATV","2","remove","41935","1","30","20","27","","3","4","8","7","3","4","","","","","","","","","1","1","","","201"
"200","","H","2","18.6","0.1","ATP","2","remove","41935","1","36","37","30","","10","21","6","6","6","6","3","4","5","7","5","5","1","only measured intact infls. ","1","1","","","200"
"202","","H","2","24.3","0.1","ATP","3","control","41935","1","54","43","38","","7","27","4","6","1","4","5","6","6","1","3","1","","","1","1","under pershia","","202"
"203","","H","2","26.3","-1.8","ATV","3","control","41935","1","59","42","63","","11","13","7","6","4","5","6","1","1","3","5","3","","black stem cankers","1","1","","","203"
"205","","H","2","30.1","-1.1","ATV","2","remove","41935","1","26","16","37","","2","0","","","","","","","","","","","","","1","1","","","205"
"204","","H","2","32.2","0.3","ATP","2","control","41935","1","12","15","16","","1","0","","","","","","","","","","","","","1","1","","","204"
"206","","H","2","35.5","0.1","ATP","3","remove","41935","1","49","47","46","","12","6","3","7","11","10","","","","","","","","measured intact infls. ","1","1","","","206"
"207","","H","2","37.4","-0.4","ATV","3","remove","41935","1","80","49","54","","17","18","12","15","5","3","9","5","6","7","4","4","","measured intact infls., infls herbivory","1","1","","","207"
"209","","H","2","41.1","0.1","ATV","2","control","41935","1","44","45","39","","4","0","","","","","","","","","","","","","1","1","","dying branches","209"
"208","","H","2","42.4","-0.3","ATP","2","control","41935","1","22","14","23","","1","0","","","","","","","","","","","1","heavily browsed","1","1","","","208"
"210","","H","2","47.8","0.2","ATP","3","control","41935","1","41","46","38","","5","49","10","5","4","6","7","4","7","7","5","7","","","1","1","","","210"
"211","","H","2","48.9","-1.6","ATV","3","control","41935","1","59","62","72","","20","13","6","4","4","5","5","4","8","4","5","5","","","1","1","","big broken branch","211"
"212","","H","2","53.1","0.6","ATP","2","remove","41935","0","","","","","","","","","","","","","","","","","","","0","ERROR","left tag","ERROR","212"
"213","","H","2","54.2","-0.9","ATV","2","remove","41935","0","","","","","","","","","","","","","","","","","","","0","ERROR","left tag","ERROR","213"
"215","","H","2","60.2","1.1","ATV","3","remove","41935","1","103","60","50","","27","21","8","7","7","7","7","6","8","7","9","5","","","1","1","","","215"
"214","","H","2","60.8","-1.1","ATP","3","remove","41935","1","58","40","41","","12","4","7","12","11","","","","","","","","1","one browsed infls ","1","1","","","214"
"216","","H","2","65","-1.3","ATP","2","control","41935","1","34","24","27","","4","5","1","3","3","1","3","","","","","","","","1","1","","","216"
"217","","H","2","66.4","-0.5","ATV","2","control","41935","1","59","44","39","","14","4","5","2","1","2","","","","","","","","","1","1","","","217"
"218","","H","2","71.4","1","ATP","3","control","41935","1","46","39","30","","4","14","12","4","8","8","9","7","10","8","8","5","","treated separate from the plant to the north ","1","1","","","218"
"219","","H","2","71.7","-1.5","ATV","3","control","41935","1","78","69","73","","30","99","6","2","3","5","2","3","3","5","5","7","","","1","1","","","219"
"221","","H","2","77.2","-0.5","ATV","2","control","41935","1","5","5","16","","1","0","","","","","","","","","","","1","browsed","1","1","one live branch. Too close to plant #220","stomped on, switched status from 0 to 1 because it was recorded alive on 5-22-14","221"
"220","","H","2","78.1","0","ATP","2","remove","41935","1","27","19","30","","3","0","","","","","","","","","","","","","1","1","","resprouting from base","220"
"222","","H","2","84.1","1.1","ATP","3","control","41935","1","62","58","41","","12","16","3","3","2","5","5","3","3","3","5","3","","black stem cankers","1","1","","","222"
"223","","H","2","84.8","-0.5","ATV","3","control","41935","1","62","51","51","","12","54","5","4","3","5","2","5","4","3","1","3","","","1","1","","not removed","223"
"224","","H","2","89.7","-0.1","ATP","2","remove","41935","1","17","17","27","","1","0","","","","","","","","","","","","","1","1","resprouting","","224"
"225","","H","2","90.7","0.5","ATV","2","control","41935","1","42","18","25","","1","0","","","","","","","","","","","","","1","1","x,y change ","","225"
"226","","H","2","96.1","0.2","ATP","3","remove","41935","1","93","75","38","","27","99","8","7","6","6","7","8","8","9","8","9","","","1","1","","","226"
"227","","H","2","97.2","-2.7","ATV","3","remove","41935","1","69","62","56","","19","8","8","7","8","5","13","3","8","9","","","","","1","1","","changed trtment","227"
"488","","H","3","1","0","ATP","5","control","41935","1","5","3","7","3.5","","","","","","","","","","","","","","round galls","1","1","","","915"
"117","","H","3","3","0","ATV","5","remove","41935","1","1","1","3","2.3","","","","","","","","","","","","","","","1","1","","","916"
"752","","H","3","5","-0.5","ATP","4","control","41935","1","4","3","7","2.1","","","","","","","","","","","","","","","1","ERROR","","ERROR","752"
"753","","H","3","5","0.5","ATP","4","remove","41935","0","","","","","","","","","","","","","","","","","","ripped out","1","ERROR","","ERROR","753"
"494","","H","3","11","0","ATP","5","remove","41935","0","","","","","","","","","","","","","","","","","","","1","1","resprouting from base","dry gray, changed status from 0 to 1 because it was recorded alive on 5-22-14","917"
"473","","H","3","13","0","ATV","5","ERROR","41935","0","","","","","","","","","","","","","","","","","","","0","ERROR","left tag","ERROR","918"
"554","","H","3","17","0.5","ATV","4","control","41935","1","3","2","6","2.4","","","","","","","","","","","","","","","1","ERROR","","ERROR","554"
"280","","H","3","21","0","ATP","5","control","41935","0","","","","","","","","","","","","","","","","","","","0","ERROR","left tag","ERROR","919"
"502","","H","3","23","0","ATV","5","remove","41935","1","4","3","6","3.9","","","","","","","","","","","","","1","browsed","1","1","","","920"
"556","","H","3","27","-0.5","ATV","4","control","41935","0","","","","","","","","","","","","","","","","","","","0","ERROR","left tag","ERROR","556"
"557","","H","3","27","0.5","ATV","4","remove","41935","0","","","","","","","","","","","","","","","","","","","0","ERROR","browsed, left tag","ERROR","557"
"754","","H","3","33","0","ATV","5","ERROR","41935","0","","","","","","","","","","","","","","","","","","","3","0","","dry gray","922"
"758","","H","3","35","-0.5","ATP","4","control","41935","0","","","","","","","","","","","","","","","","","","","1","ERROR","barely alive","ERROR","758"
"759","555","H","3","35","0.5","ATP","4","remove","41935","1","3","1","4","2.2","","","","","","","","","","","","","","","1","ERROR","","ERROR","759"
"558","","H","3","37","-0.5","ATV","4","remove","41935","1","4","3","7","2.5","","","","","","","","","","","","","1","browsed","1","ERROR","","ERROR","558"
"613","","H","3","41","0","ATP","5","control","41935","1","1","1","1","3.4","","","","","","","","","","","","","1","browsed","1","1","","","923"
"471","","H","3","43","0","ATV","5","ERROR","41935","0","","","","","","","","","","","","","","","","","","","3","0","","dry gray","924"
"761","","H","3","45","0.5","ATP","4","control","41935","1","4","3","8","2.7","","","","","","","","","","","","","","","1","ERROR","","ERROR","761"
"560","","H","3","47","-0.5","ATV","4","remove","41935","1","4","2","5","3.6","","","","","","","","","","","","","1","browsed","1","ERROR","","ERROR","560"
"561","","H","3","47","0.5","ATV","4","control","41935","1","5","2","6","2","","","","","","","","","","","","","","","1","ERROR","","ERROR","561"
"824","","H","3","51","0","ATP","5","remove","41935","0","","","","","","","","","","","","","","","","","","no lvs, dry","1","1","","","925"
"290","","H","3","54","0","ATV","5","control","41935","1","6","5","6","3.8","","","","","","","","","","","","","","","1","1","","","926"
"762","","H","3","55","-0.5","ATP","4","remove","41935","1","1","1","3","2.1","","","","","","","","","","","","","1","heavily browsed","1","ERROR","","ERROR","762"
"562","","H","3","57","-0.5","ATV","4","remove","41935","3","1","1","5","2.9","","","","","","","","","","","","","1","heavily browsed","1","ERROR","","ERROR","562"
"563","","H","3","57","0.5","ATV","4","control","41935","1","2","3","5","2.2","","","","","","","","","","","","","","","1","ERROR","","ERROR","563"
"756","","H","3","61","0","ATP","5","remove","41935","1","1","1","3","2.3","","","","","","","","","","","","","1","heavily browsed","1","1","","","927"
"465","","H","3","63","0","ATV","5","ERROR","41935","0","","","","","","","","","","","","","","","","","","","3","0","might have been browsed","dry no lvs","928"
"765","","H","3","65","0.5","ATP","4","control","41935","1","5","3","7","2.5","","","","","","","","","","","","","","","1","ERROR","","ERROR","765"
"564","","H","3","67","-0.5","ATV","4","control","41935","1","3","2","9","2.5","","","","","","","","","","","","","","","1","ERROR","","ERROR","564"
"547","","H","3","70","0","ATP","5","control","41935","1","3","2","3","2.2","","","","","","","","","","","","","","","1","1","","browsed resprouting","929"
"474","","H","3","73","0","ATV","5","remove","41935","0","","","","","","","","","","","","","","","","","1","browsed","1","1","","","930"
"800","","H","3","81","0","ATP","5","remove","41935","1","1","1","2","2.4","","","","","","","","","","","","","1","browsed","1","1","","","931"
"602","","H","3","83","0","ATV","5","control","41935","3","","","","","","","","","","","","","","","","","","no leaves","1","1","","","932"
"768","","H","3","85","-0.5","ATP","4","control","41935","1","3","2","5","1.7","","","","","","","","","","","","","","","1","ERROR","","ERROR","768"
"769","","H","3","85","0.5","ATP","4","remove","41935","1","7","4","8","2.8","","","","","","","","","","","","","1","browsed a little ","1","ERROR","","ERROR","769"
"569","","H","3","87","0.5","ATV","4","control","41935","0","","","","","","","","","","","","","","","","","1","browsed","1","ERROR","","ERROR","569"
"255","","H","3","89.8","-0.5","ATP","1","control","41935","1","5","4","8","4.2","","","","","","","","","","","","","1","browsed","1","1","x, y change, transect change","could not find it, changed status from 2 to 1 because it was alive on 5-22-14","255"
"459","","H","3","91","0","ATP","5","control","41935","1","3","2","4","2.4","","","","","","","","","","","","","","","1","1","","","933"
"481","","H","3","93","0","ATV","5","control","41935","1","1","1","6","2.3","","","","","","","","","","","","","1","browsed","1","1","","","934"
"771","","H","3","95","0.5","ATV","6","remove","41935","0","","","","","","","","","","","","","","","","","","","1","ERROR","one leaf seedling still alive","ERROR","1087"
"254","","H","5","17.6","-3.4","ATP","1","control","41935","0","","","","","","","","","","","","","","","","","","","0","ERROR","left tag","ERROR","254"
"259","","H","5","50.6","-12.9","ATP","1","control","41935","1","4","3","6","2.5","","","","","","","","","","","","","","","1","ERROR","","ERROR","259"
"478","","H","5","53","-0.4","ATP","2","control","41935","1","37","31","37","","4","4","5","2","3","1","","","","","","","","change species","1","ERROR","underneath large ATV","ERROR","1089"
"858","","H","5","54.4","-0.8","ATV","2","control","41935","1","40","23","37","","5","6","3","6","3","4","2","2","","","","","","","1","ERROR","broken branch on east side","ERROR","1088"
"256","","H","5","69.1","-8.3","ATP","1","remove","41935","1","4","3","4","","","","","","","","","","","","","","","multistem resprouting ","1","ERROR","","ERROR","256"
"250","","H","5","69.7","1","ATP","1","remove","41935","1","6","3","11","3.3","","","","","","","","","","","","","","","1","ERROR","","ERROR","250"
"251","","H","5","71","-0.8","ATP","1","control","41935","1","2","2","3","1.6","","","","","","","","","","","","","","","1","ERROR","","ERROR","251"
"252","","H","5","72.1","-2.2","ATP","1","control","41935","1","3","3","9","3","","","","","","","","","","","","","","","1","ERROR","","ERROR","252"
"257","","H","5","76.4","-1","ATP","1","remove","41935","0","","","","","","","","","","","","","","","","","","","0","ERROR","left tag","ERROR","844"
"253","","H","5","89","2","ATP","1","control","41935","1","4","2","8","2.6","","","","","","","","","","","","","","","1","ERROR","","ERROR","253"
"249","","H","5","91","3.5","ATP","1","control","41935","1","4","3","7","2.2","","","","","","","","","","","","","","","1","ERROR","added to replace dead ATPs ","ERROR","1117"
"258","","H","5","92.4","-10","ATP","1","remove","41935","1","7","8","13","4","","","","","","","","","","","","","","","1","ERROR","","ERROR","258"
"916","","H","6","12.4","0.2","ATP","1","control","41935","1","6","5","7","2.2","","","","","","","","","","","","","","","1","ERROR","added to replace dead ATPs ","ERROR","1111"
"917","","H","6","24.9","16.5","ATP","1","remove","41935","1","1","1","4","1.9","","","","","","","","","","","","","","","1","ERROR","added to replace dead ATPs ","ERROR","1112"
"918","","H","6","31.7","4.5","ATP","1","control","41935","1","4","1","10","2.9","","","","","","","","","","","","","","","1","ERROR","added to replace dead ATPs ","ERROR","1113"
"919","","H","6","55.8","9.3","ATP","1","remove","41935","1","2","2","4","2.4","","","","","","","","","","","","","1","browsed","1","ERROR","added to replace dead ATPs ","ERROR","1114"
"921","","H","6","103","14.5","ATP","1","control","41935","1","5","2","7","2.3","","","","","","","","","","","","","","changed x ","1","ERROR","added to replace dead ATPs ","ERROR","1116"
"920","","H","6","105","14.5","ATP","1","remove","41935","1","5","3","7","2.8","","","","","","","","","","","","","","changed x ","1","ERROR","added to replace dead ATPs ","ERROR","1115"
"180","","I","1","13.6","-1.5","ATP","1","control","41935","1","10","7","9","5.1","","","","","","","","","","","","","","","1","1","","frost heave","180"
"181","","I","1","20.2","-0.7","ATP","1","remove","41935","1","7","7","9","3.3","","","","","","","","","","","","","","","1","1","","","181"
"182","","I","1","32.2","0","ATP","1","remove","41935","1","3","3","5","2","","","","","","","","","","","","","","","1","1","","top died but resprouting from stem","182"
"183","","I","1","34.3","-2","ATP","1","remove","41935","1","7","5","7","3","","","","","","","","","","","","","","","1","1","","","183"
"184","","I","1","43.8","-0.3","ATP","1","control","41935","1","9","7","9","4.1","","","","","","","","","","","","","","","1","1","","","184"
"185","","I","1","46.1","0.4","ATP","1","remove","41935","1","8","6","10","3.7","","","","","","","","","","","","","","","1","1","","","185"
"186","","I","1","49","0.9","ATP","1","remove","41935","1","4","5","9","2.8","","","","","","","","","","","","","","","1","1","","","186"
"187","","I","1","50.3","-0.6","ATP","1","control","41935","1","4","3","6","2.1","","","","","","","","","","","","","","","1","1","","","187"
"188","","I","1","50.7","1.7","ATP","1","control","41933","1","4","3","8","2.5","","","","","","","","","","","","","","","1","1","","","188"
"191","","I","1","52.7","0.5","ATP","1","remove","41933","1","7","7","10","3.4","","","","","","","","","","","","","","","1","1","","","191"
"192","","I","1","62.2","0","ATP","1","control","41933","1","5","4","7","2.6","","","","","","","","","","","","","","","1","1","","","192"
"193","","I","1","67.4","0.5","ATP","1","remove","41933","1","8","6","9","3.6","","","","","","","","","","","","","","","1","1","","","193"
"194","","I","1","72.7","0.4","ATP","1","control","41933","1","10","9","9","4","","","","","","","","","","","","","","","1","1","","","194"
"656","","I","1","87.3","2","ATP","1","control","41933","0","","","","","","","","","","","","","","","","","","no lvs","1","ERROR","","ERROR","1058"
"195","","I","1","88.3","0","ATP","1","control","41933","1","7","6","12","3.2","1","1","1","","","","","","","","","","","smallest flowering plant","1","1","","","837"
"190","","I","1","99","0.1","ATP","1","remove","41933","1","12","12","9","5","","","","","","","","","","","","","","","1","1","","","836"
"164","","I","3","6","0.6","ATP","2","control","41933","1","38","29","32","","4","48","2","1","1","1","3","1","3","2","4","3","","","1","1","","","164"
"165","","I","3","12.3","-0.2","ATP","3","remove","41933","1","81","54","47","","21","260","5","8","7","7","6","7","7","5","5","7","","","1","1","","","165"
"166","","I","3","16.6","-1.1","ATP","2","remove","41933","1","43","25","35","","7","10","8","5","4","8","7","7","6","4","1","1","","","1","1","","","166"
"167","","I","3","24","-0.4","ATP","3","remove","41933","1","55","47","37","","15","35","13","12","8","6","9","8","5","4","2","6","","","1","1","","","167"
"168","","I","3","30.3","0.9","ATP","2","control","41933","1","7","5","10","","1","0","","","","","","","","","","","","","1","1","resprouting growing from base","","168"
"169","","I","3","35.8","0.1","ATP","3","remove","41933","1","58","58","50","","22","180","10","9","10","6","10","10","13","13","8","9","","","1","1","","","169"
"170","","I","3","41.6","0.4","ATP","2","remove","41933","1","45","34","37","","11","91","8","8","7","9","6","12","9","10","8","8","","","1","1","","","170"
"171","","I","3","47.9","0.5","ATP","3","control","41933","1","103","71","51","","24","257","4","5","5","4","3","3","3","4","7","5","","","1","1","","","171"
"172","","I","3","53.3","1.3","ATP","2","remove","41933","1","22","15","18","","2","0","","","","","","","","","","","","","1","1","resprouting from base ","","172"
"173","","I","3","60","-0.2","ATP","3","control","41933","1","53","26","53","","5","34","4","1","3","4","4","3","4","3","1","4","","black stem cankers","1","1","","","173"
"174","","I","3","65.1","-1.8","ATP","2","remove","41933","1","15","8","16","","1","0","","","","","","","","","","","","","1","1","","","174"
"175","","I","3","71.6","0.6","ATP","3","control","41933","1","72","54","50","","23","174","6","4","2","3","3","4","2","3","3","4","","","1","1","","","175"
"176","","I","3","79.2","-0.1","ATP","2","control","41933","1","26","19","36","","2","39","5","4","1","5","6","5","5","2","5","2","","","1","1","","","176"
"177","","I","3","83.9","0.1","ATP","3","control","41933","1","53","24","52","","4","48","1","2","1","3","3","3","2","2","4","3","","","1","1","","","177"
"178","","I","3","89.5","-0.1","ATP","2","control","41933","1","38","17","48","","3","27","1","1","2","2","1","3","2","3","3","3","","","1","1","","","178"
"179","","I","3","96.3","-0.5","ATP","3","remove","41933","1","54","44","39","","13","126","8","1","4","3","5","4","6","6","6","9","","black aphids change x ","1","1","","","179"
"707","","I","4","11","0","ATP","5","remove","41933","0","","","","","","","","","","","","","","","","","","","1","1","","","977"
"698","","I","4","13","0","ATV","5","remove","41933","1","4","3","7","2.6","","","","","","","","","","","","","","","1","1","","","978"
"572","","I","4","21","0","ATP","5","control","41933","1","3","3","5","3.3","","","","","","","","","","","","","","fuzzy galls ","1","1","","","979"
"498","","I","4","23","0","ATV","5","control","41933","1","3","3","4","3.1","","","","","","","","","","","","","","","1","1","","","980"
"626","","I","4","31","0","ATP","5","remove","41933","1","4","3","6","2.6","","","","","","","","","","","","","","","1","1","","","981"
"815","","I","4","33","0","ATV","5","remove","41933","1","6","5","9","3.5","","","","","","","","","","","","","","","1","1","","","982"
"618","","I","4","37","-0.5","ATV","4","remove","41933","3","","","","","","","","","","","","","","","","","","no leaves","1","1","","","618"
"615","","I","4","41","0","ATP","5","remove","41933","1","5","4","7","2.7","","","","","","","","","","","","","","","1","1","","","983"
"576","","I","4","43","0","ATV","5","remove","41933","0","","","","","","","","","","","","","","","","","","no leaves","1","1","","","984"
"616","","I","4","53","0","ATP","5","control","41933","1","3","2","4","1.6","","","","","","","","","","","","","","","1","1","y change","","985"
"658","","I","4","54","0","ATV","5","control","41933","1","4","4","6","3","","","","","","","","","","","","","","","1","1","y change","","986"
"504","","I","4","61","0","ATP","5","control","41933","1","6","3","8","2.8","","","","","","","","","","","","","","","1","1","","","987"
"461","","I","4","63","0","ATV","5","control","41933","1","6","5","8","3.2","","","","","","","","","","","","","","","1","1","","","988"
"622","","I","4","71","0","ATP","5","remove","41933","1","8","6","12","3.7","","","","","","","","","","","","","","","1","1","","","989"
"523","","I","4","73","0","ATV","5","control","41933","1","3","2","4","1.5","","","","","","","","","","","","","","","1","1","","","990"
"544","","I","4","81","0","ATP","5","control","41933","0","","","","","","","","","","","","","","","","","","","1","1","","dead on top","991"
"566","","I","4","83","0","ATV","5","remove","41933","1","7","5","8","4.1","","","","","","","","","","","","","","","1","1","","","992"
"628","","I","4","87","-0.5","ATV","4","control","41933","0","","","","","","","","","","","","","","","","","","some white rot in roots","1","1","resprouting","","628"
"489","","I","4","91","0","ATP","5","control","41933","1","6","3","8","2.6","","","","","","","","","","","","","","","1","1","","","993"
"484","","I","4","93","0","ATV","5","control","41933","3","","","","","","","","","","","","","","","","","","no leaves","1","1","","","994"
"260","","J","2","2.2","-1.1","ATV","1","control","41933","0","","","","","","","","","","","","","","","","","","","0","ERROR","left tag","ERROR","260"
"585","","J","2","2.4","-2","ATV","1","remove","41933","1","6","4","8","2.9","","","","","","","","","","","","","","","1","ERROR","","ERROR","1094"
"669","","J","2","3.4","1","ATV","1","control","41933","1","4","3","3","1.8","","","","","","","","","","","","","","","1","ERROR","probably the same plant as #261 which was lost in the fall","ERROR","1095"
"597","","J","2","12.9","-0.8","ATV","1","remove","41933","1","3","2","3","1.9","","","","","","","","","","","","","","","1","ERROR","in rock crack, seedling tag held with rock, other seedling nearby","ERROR","1096"
"802","","J","2","15.8","-2.5","ATV","1","remove","41933","1","5","4","11","3.8","","","","","","","","","","","","","1","browsed","1","ERROR","","ERROR","1097"
"263","","J","2","17.6","-0.8","ATV","1","remove","41933","1","3","3","7","3.5","","","","","","","","","","","","","","","1","1","","removal ineffective","263"
"264","","J","2","19.7","1.5","ATV","1","control","41933","0","","","","","","","","","","","","","","","","","","","0","ERROR","left tag","ERROR","264"
"265","","J","2","29.9","0","ATV","1","control","41933","1","5","2","6","2.4","","","","","","","","","","","","","","","1","1","","","265"
"266","","J","2","30.8","0.6","ATV","1","remove","41933","1","2","1","4","2.5","","","","","","","","","","","","","1","browsed","1","1","","","266"
"770","","J","2","33.2","3.8","ATV","1","remove","41933","0","","","","","","","","","","","","","","","","","","","1","ERROR","","ERROR","1098"
"267","","J","2","39.3","2.4","ATV","1","control","41933","1","1","1","5","2.9","","","","","","","","","","","","","1","heavily browsed","1","1","","resprouting","267"
"808","","J","2","43.2","-5","ATV","1","control","41933","1","6","3","8","3","","","","","","","","","","","","","","","1","ERROR","","ERROR","1099"
"268","","J","2","44.3","-0.8","ATV","1","remove","41933","0","","","","","","","","","","","","","","","","","","","0","ERROR","left tag","ERROR","268"
"269","","J","2","45","0.4","ATV","1","remove","41933","1","3","2","4","2.5","","","","","","","","","","","","","1","browsed","1","1","","","269"
"271","","J","2","45.9","-0.9","ATV","1","remove","41933","0","","","","","","","","","","","","","","","","","","","0","ERROR","left tag","ERROR","271"
"277","","J","2","66.3","1","ATV","1","control","41933","1","2","1","3","1.1","","","","","","","","","","","","","","","1","1","","","277"
"652","","J","2","69.8","3","ATV","1","control","41933","1","1","1","3","2.7","","","","","","","","","","","","","1","heavily browsed","1","ERROR","","ERROR","1100"
"278","","J","2","76.5","1.7","ATV","1","control","41933","1","2","1","7","2.6","","","","","","","","","","","","","1","browsed","1","1","","","278"
"281","","J","2","88.2","0","ATV","1","remove","41933","1","3","2","9","1.9","","","","","","","","","","","","","","white scale insects","1","1","","","281"
"276","","J","2","89.5","-0.4","ATV","1","control","41933","1","6","4","11","3.1","","","","","","","","","","","","","","","1","ERROR","has a gall","ERROR","1101"
"320","","J","3","6","-0.1","ATV","2","control","41933","1","32","27","77","","5","2","8","9","","","","","","","","","","","1","1","","","320"
"321","","J","3","12.6","0.3","ATV","3","remove","41933","1","115","99","81","","52","55","9","14","8","10","16","8","7","8","9","8","","","1","1","","removal effective","321"
"322","","J","3","17.7","-0.1","ATV","2","remove","41933","1","16","12","51","","1","0","","","","","","","","","","","","","1","1","","broken branch dying ","322"
"323","","J","3","24.6","0","ATV","3","remove","41933","1","86","62","75","","28","54","4","12","8","9","9","8","9","6","6","10","","","1","1","","","323"
"324","","J","3","30.3","-0.1","ATV","2","control","41933","1","15","9","32","","1","0","","","","","","","","","","","","","1","1","","","324"
"325","","J","3","35.8","0.5","ATV","3","remove","41933","1","102","77","50","","25","17","13","17","12","11","16","13","13","11","14","10","","","1","1","","","325"
"326","","J","3","41.6","0.4","ATV","2","remove","41933","0","","","","","","","","","","","","","","","","","","","0","ERROR","left tag","ERROR","326"
"327","","J","3","47.8","0","ATV","3","control","41933","1","71","59","69","","9","30","7","7","7","5","7","7","7","5","4","3","","","1","1","","","327"
"328","","J","3","53.8","0.2","ATV","2","remove","41933","1","30","19","34","","4","1","10","","","","","","","","","","","","1","1","","","328"
"329","","J","3","59.8","-0.8","ATV","3","control","41933","1","54","52","56","","12","23","7","10","6","4","6","1","7","8","9","7","","","1","1","","","329"
"764","","J","3","62.9","-0.9","ATV","2","remove","41933","1","22","15","42","","3","5","12","6","12","13","14","","","","","","","","1","ERROR","","ERROR","1102"
"330","","J","3","65.9","0","ATV","2","remove","41933","1","17","14","27","","2","0","","","","","","","","","","","","","1","1","","","330"
"331","","J","3","72.4","0.2","ATV","3","remove","41933","1","108","87","60","","37","13","10","17","13","7","7","","","","","","1","black rust infls browsed","1","1","","","331"
"332","","J","3","77.7","0","ATV","2","control","41933","1","11","7","15","","1","0","","","","","","","","","","","","","1","1","","","332"
"333","","J","3","83.7","0.6","ATV","3","control","41933","1","48","29","69","","6","4","4","7","7","8","","","","","","","","dead branch ","1","1","","","333"
"334","","J","3","90.9","-0.1","ATV","2","control","41933","1","29","21","31","","3","4","5","3","1","6","","","","","","","","","1","1","","","334"
"335","","J","3","95.9","-0.5","ATV","3","control","41933","1","77","44","36","","7","15","5","5","6","6","8","10","6","8","5","4","","canopy in 2 parts","1","1","","","335"
"767","","J","4","1","0","ATP","5","control","41933","1","2","3","3","1.8","","","","","","","","","","","","","","","1","1","","","895"
"458","","J","4","3","0","ATV","5","remove","41933","1","4","3","5","3","","","","","","","","","","","","","","","1","1","","","896"
"633","","J","4","5","0.5","ATP","4","control","41933","1","4","3","7","1.9","","","","","","","","","","","","","","","1","1","","","633"
"432","","J","4","7","-0.5","ATV","4","control","41933","1","4","4","8","2.4","","","","","","","","","","","","","1","browsed a little ","1","1","","","432"
"245","","J","4","11","0","ATP","5","control","41933","1","3","3","6","1.6","","","","","","","","","","","","","1","browsed a little ","1","1","","","897"
"115","","J","4","13","0","ATV","5","control","41933","0","","","","","","","","","","","","","","","","","1","browsed a little ","3","1","left tag","wilted","898"
"635","","J","4","15","0.5","ATP","4","control","41933","1","4","2","5","2.5","","","","","","","","","","","","","","","1","1","","","635"
"435","","J","4","17","0.5","ATV","4","control","41933","1","1","1","5","2.4","","","","","","","","","","","","","","gray gall","1","1","","","435"
"620","","J","4","21","0","ATP","5","remove","41933","1","2","2","3","2.1","","","","","","","","","","","","","1","browsed","1","1","","","899"
"575","","J","4","23","0","ATV","5","control","41933","0","","","","","","","","","","","","","","","","","","","0","ERROR","left tag","ERROR","900"
"636","","J","4","25","-0.5","ATP","4","remove","41933","1","1","1","6","2.8","","","","","","","","","","","","","1","browsed","1","1","","","636"
"637","","J","4","25","0.5","ATP","4","control","41933","1","2","2","4","2","","","","","","","","","","","","","1","browsed","1","1","","","637"
"436","","J","4","27","-0.5","ATV","4","remove","41933","1","5","6","6","3","","","","","","","","","","","","","","","1","1","","","436"
"437","","J","4","27","0.5","ATV","4","control","41933","1","2","2","4","1.9","","","","","","","","","","","","","","","1","1","","resprouting ","437"
"683","","J","4","31","0","ATP","5","remove","41933","1","1","1","1","1.6","","","","","","","","","","","","","1","heavily browsed","1","1","","browsed resprouting","901"
"689","","J","4","33","0","ATV","5","remove","41933","1","2","1","3","2","","","","","","","","","","","","","1","heavily browsed","1","1","","","902"
"638","","J","4","35","-0.5","ATP","4","control","41933","1","4","3","5","2.4","","","","","","","","","","","","","","","1","1","","","638"
"438","","J","4","37","-0.5","ATV","4","remove","41933","1","1","1","3","2","","","","","","","","","","","","","1","heavily browsed, no leaves","1","1","","","438"
"439","","J","4","37","0.5","ATV","4","control","41933","1","3","5","7","2.7","","","","","","","","","","","","","","","1","1","","","439"
"757","","J","4","41","0","ATP","5","remove","41933","1","2","1","1","","","","","","","","","","","","","","1","multi-stem recently browsed","1","1","","","903"
"469","","J","4","43","0","ATV","5","control","41933","0","","","","","","","","","","","","","","","","","","","3","1","left tag","browsed ","904"
"440","","J","4","47","-0.5","ATV","4","control","41935","1","4","4","7","2","","","","","","","","","","","","","","","1","1","","","440"
"441","","J","4","47","0.5","ATV","4","remove","41935","0","","","","","","","","","","","","","","","","","","","0","ERROR","left tag","ERROR","441"
"674","","J","4","51","0","ATP","5","control","41935","3","","","","","","","","","","","","","","","","","","No leaves","1","1","","browsed resprouting","905"
"499","","J","4","53","0","ATV","5","control","41935","1","2","4","5","2.4","","","","","","","","","","","","","","","1","1","","","906"
"642","","J","4","55","-0.5","ATP","4","remove","41935","0","","","","","","","","","","","","","","","","","","","0","ERROR","left tag","ERROR","642"
"643","","J","4","55","0.5","ATP","4","control","41935","1","3","3","7","1.8","","","","","","","","","","","","","","","1","1","","","643"
"442","","J","4","57","-0.5","ATV","4","control","41935","0","","","","","","","","","","","","","","","","","","","0","ERROR","left tag","ERROR","442"
"443","","J","4","57","0.5","ATV","4","remove","41935","1","4","4","8","3.4","","","","","","","","","","","","","","","1","1","","","443"
"477","","J","4","61","0","ATP","5","remove","41935","0","","","","","","","","","","","","","","","","","1","browsed","1","1","","","907"
"495","","J","4","63","0","ATV","5","control","41935","1","5","4","5","2.2","","","","","","","","","","","","","","","1","1","","","908"
"644","","J","4","65","-0.5","ATP","4","control","41935","1","2","2","5","1.6","","","","","","","","","","","","","","","1","1","","","644"
"444","","J","4","67","-0.5","ATV","4","control","41935","1","3","2","5","1.9","","","","","","","","","","","","","","","1","1","","","444"
"445","","J","4","67","0.5","ATV","4","remove","41935","1","4","4","5","2.9","","","","","","","","","","","","","","","1","1","","","445"
"809","","J","4","71","0","ATP","5","control","41935","0","","","","","","","","","","","","","","","","","1","browsed, no leaves","0","ERROR","left tag","ERROR","909"
"493","","J","4","73","0","ATV","5","remove","41935","1","5","4","3","3.4","","","","","","","","","","","","","1","browsed","1","1","","","910"
"647","","J","4","75","0.5","ATP","4","control","41935","0","","","","","","","","","","","","","","","","","","","1","1","","","647"
"446","","J","4","77","-0.5","ATV","4","control","41935","1","3","3","7","2.6","","","","","","","","","","","","","","","1","1","","","446"
"447","","J","4","77","0.5","ATV","4","remove","41935","1","4","4","9","3.4","","","","","","","","","","","","","","","1","1","","resprouting ","447"
"818","","J","4","81","0","ATP","5","control","41935","0","","","","","","","","","","","","","","","","","","next to atv seedling","0","ERROR","seedling coming up next to dead plant, left tag","ERROR","911"
"464","","J","4","83","0","ATV","5","control","41935","1","5","4","6","2.4","","","","","","","","","","","","","","","1","1","","","912"
"648","","J","4","85","-0.5","ATP","4","remove","41935","1","3","3","5","3","","","","","","","","","","","","","1","browsed","1","1","","","648"
"649","","J","4","85","0.5","ATP","4","control","41935","1","3","2","6","2.3","","","","","","","","","","","","","","","1","1","","changed status from 0 to 1 because it was recorded alive on 5-22-14","649"
"645","","J","4","91","0","ATP","5","control","41935","1","3","3","3","1.9","","","","","","","","","","","","","1","browsed a little ","1","1","","tag typo ","913"
"737","","J","4","93","0","ATV","5","remove","41935","3","","","","","","","","","","","","","","","","","1","heavily browsed, no leaves","1","1","","tag typo","914"
"304","","K","2","6.5","-0.6","ATP","2","remove","41933","1","30","20","25","","4","7","1","1","1","1","3","4","2","","","","","","1","1","","removal ineffective","304"
"305","","K","2","12.8","-0.6","ATP","3","control","41933","1","87","84","44","","55","436","2","3","3","2","3","1","1","3","2","2","","","1","1","","","305"
"306","","K","2","17.8","-0.9","ATP","2","control","41933","1","18","13","23","","2","0","","","","","","","","","","","","","1","1","","","306"
"307","","K","2","24.1","-0.4","ATP","3","control","41933","1","54","42","31","","13","32","1","4","2","1","1","2","1","4","1","4","","","1","1","","","307"
"308","","K","2","30.4","-0.1","ATP","2","remove","41933","1","12","13","17","","1","0","","","","","","","","","","","","","1","1","","","308"
"309","","K","2","36.3","0.1","ATP","3","control","41933","1","50","62","29","","17","260","2","1","2","3","1","2","3","2","2","4","","","1","1","","","309"
"310","","K","2","41.2","0.4","ATP","2","control","41933","1","33","22","25","","4","32","2","2","2","2","2","1","3","1","1","2","","","1","1","","","310"
"311","","K","2","48.3","-0.7","ATP","3","remove","41933","1","60","39","40","","11","64","6","6","8","7","8","12","4","5","9","7","","","1","1","","","311"
"312","","K","2","54.7","-0.3","ATP","2","remove","41933","1","30","32","30","","4","10","1","1","5","3","1","1","6","2","1","3","","","1","1","","","312"
"313","","K","2","60.3","-0.4","ATP","3","remove","41933","1","71","47","40","","18","101","7","3","8","5","2","9","8","9","6","10","1","some infls cut-off","1","1","","","313"
"314","","K","2","66.2","-0.3","ATP","2","control","41933","1","23","29","31","","4","38","4","3","3","4","5","5","2","4","4","3","","","1","1","","","314"
"315","","K","2","72.8","0","ATP","3","control","41933","1","53","45","27","","13","72","1","2","1","1","2","5","3","3","1","3","1","some infls cut-off","1","1","","","315"
"316","","K","2","77.1","-0.5","ATP","2","control","41933","1","29","16","22","","2","28","6","3","5","5","4","2","5","2","1","4","","","1","1","","","316"
"317","","K","2","83.3","0.3","ATP","3","remove","41933","1","99","71","49","","46","203","5","7","6","5","6","10","5","8","9","10","","","1","1","","","317"
"318","","K","2","90.6","0.9","ATP","2","remove","41933","1","43","32","27","","8","145","6","6","5","6","5","5","4","5","5","6","","","1","1","","","318"
"319","","K","2","96.3","0.5","ATP","3","remove","41933","1","118","96","49","","65","726","4","3","2","4","1","6","5","3","5","7","","","1","1","","","319"
"282","","K","3","0","2.8","ATP","1","control","41933","1","3","2","7","2","","","","","","","","","","","","","","","1","1","","","282"
"283","","K","3","1.7","2","ATP","1","control","41933","1","4","2","5","2.2","","","","","","","","","","","","","","","1","1","","","283"
"863","","K","3","3","0","ATV","5","remove","41933","1","6","5","5","3.5","","","","","","","","","","","","","","","1","1","","","1036"
"285","","K","3","4.3","2.5","ATP","1","remove","41933","1","6","5","6","2.9","","","","","","","","","","","","","","","1","1","","","285"
"286","","K","3","7.1","-1.3","ATP","1","remove","41933","1","6","7","8","3.7","","","","","","","","","","","","","","","1","1","","","286"
"287","","K","3","9","1.5","ATP","1","control","41933","1","5","5","4","3.1","","","","","","","","","","","","","","","1","1","","","287"
"508","","K","3","10","-1","ATP","1","remove","41933","1","2","1","4","1.5","","","","","","","","","","","","","","","1","ERROR","","ERROR","1057"
"864","","K","3","11","0","ATP","5","remove","41933","0","","","","","","","","","","","","","","","","","","","1","1","","","1037"
"865","","K","3","13","0","ATV","5","control","41933","3","","","","","","","","","","","","","","","","","","no leaves","1","1","","","1038"
"289","","K","3","14.1","-0.6","ATP","1","remove","41933","1","5","5","7","2.4","","","","","","","","","","","","","","","1","1","","","289"
"288","","K","3","14.4","0.1","ATP","1","remove","41933","0","","","","","","","","","","","","","","","","","","","3","ERROR","left tag","ERROR","288"
"866","","K","3","21","0","ATP","5","remove","41933","0","","","","","","","","","","","","","","","","","","","3","0","dry gray ","dry gray","1039"
"867","","K","3","23","0","ATV","5","control","41933","1","4","4","7","3.6","","","","","","","","","","","","","","","1","1","","","1040"
"868","","K","3","31","0","ATP","5","remove","41933","1","7","6","8","3.3","","","","","","","","","","","","","","","1","1","","","1041"
"871","","K","3","33","0","ATV","5","remove","41933","1","5","4","5","3.2","","","","","","","","","","","","","","","1","1","","","1042"
"291","","K","3","36.5","-1.2","ATP","1","control","41933","1","7","8","8","3.9","","","","","","","","","","","","","","","1","1","","","291"
"294","","K","3","39.4","-2.2","ATP","1","remove","41933","1","9","6","6","3.4","","","","","","","","","","","","","","","1","1","","removal ineffective","294"
"293","","K","3","40.1","-1.1","ATP","1","remove","41933","1","10","10","8","5.2","","","","","","","","","","","","","","","1","1","","","293"
"872","","K","3","41","0","ATP","5","control","41933","1","6","3","6","3.3","","","","","","","","","","","","","","black fuzzy galls","1","1","","","1043"
"873","","K","3","43","0","ATV","5","control","41933","1","3","3","6","2.3","","","","","","","","","","","","","","","1","1","","","1044"
"295","","K","3","48","-2.9","ATP","1","control","41933","1","7","5","9","3.7","","","","","","","","","","","","","","","1","1","","","295"
"874","","K","3","53","0","ATP","5","control","41933","1","3","2","5","1.7","","","","","","","","","","","","","","change y ","1","1","","","1045"
"296","","K","3","53.9","-3.6","ATP","1","control","41933","1","2","1","5","1.6","","","","","","","","","","","","","","","1","1","","","296"
"875","","K","3","54","0","ATV","5","remove","41933","1","5","5","6","3.5","","","","","","","","","","","","","","change y ","1","1","","","1046"
"297","","K","3","59.3","1.8","ATP","1","remove","41933","1","7","5","11","3","","","","","","","","","","","","","","","1","1","","","297"
"298","","K","3","60.3","-3.4","ATP","1","remove","41933","1","8","6","8","3.4","","","","","","","","","","","","","","","1","1","","","298"
"876","","K","3","61","0","ATP","5","control","41933","0","","","","","","","","","","","","","","","","","","","1","1","","","1047"
"299","","K","3","61.8","-4","ATP","1","control","41933","1","5","3","6","2.4","","","","","","","","","","","","","","","1","1","","","299"
"877","","K","3","63","0","ATV","5","control","41933","0","","","","","","","","","","","","","","","","","","","1","1","","","1048"
"878","","K","3","71","0","ATP","5","control","41933","0","","","","","","","","","","","","","","","","","","","3","0","probably dead","dry gray","1049"
"879","","K","3","73","0","ATV","5","remove","41933","1","6","6","6","4.5","","","","","","","","","","","","","","","1","1","","","1050"
"880","","K","3","81","0","ATP","5","control","41933","0","","","","","","","","","","","","","","","","","","","3","0","probably dead","dry gray","1051"
"881","","K","3","83","0","ATV","5","remove","41933","3","","","","","","","","","","","","","","","","","","no leaves","1","1","","","1052"
"882","","K","3","91","0","ATP","5","control","41933","0","","","","","","","","","","","","","","","","","","","1","1","looks unhealthy ","","1053"
"300","","K","3","92.3","-0.6","ATP","1","control","41933","1","4","3","5","2.4","","","","","","","","","","","","","","","1","1","","","300"
"883","","K","3","93","0","ATV","5","control","41933","1","4","4","4","3.2","","","","","","","","","","","","","","","1","1","","healthy! ","1054"
"301","","K","3","94.3","-1.2","ATP","1","control","41933","1","4","4","9","2.6","","","","","","","","","","","","","","","1","1","","","301"
"302","","K","3","95.6","-1.4","ATP","1","control","41933","1","3","3","7","2.1","","","","","","","","","","","","","","","1","1","","","302"
"303","","K","3","95.8","0.8","ATP","1","control","41933","1","4","4","8","2.1","","","","","","","","","","","","","","","1","1","","","303"
"676","","K","4","25","-0.5","ATP","4","remove","41933","NA","","","","","","","","","","","","","","","","","","not there ","0","1","Not there in spring","","676"
"678","","K","4","35","-0.5","ATP","4","control","41933","1","5","3","7","3","","","","","","","","","","","","","","","1","0","","","678"
"682","","K","4","55","-0.5","ATP","4","remove","41933","1","6","4","8","2.7","","","","","","","","","","","","","","","1","1","","","682"
"684","","K","4","65","-0.5","ATP","4","control","41933","1","4","3","8","2.5","","","","","","","","","","","","","","","1","1","","","684"
"691","","K","4","95","0.5","ATP","4","remove","41933","1","7","5","6","3.2","","","","","","","","","","","","","","","1","1","","","691"
"368","","L","4","6.3","0.6","ATV","2","remove","41934","1","63","42","61","","16","35","2","1","1","4","3","5","5","6","6","4","","south branch dead","1","ERROR","","ERROR","368"
"369","","L","4","12.3","0","ATV","3","control","41934","1","58","64","55","","21","0","","","","","","","","","","","","aborted many infls ","1","ERROR","","ERROR","369"
"370","","L","4","17.5","0.5","ATP","2","control","41934","1","36","22","33","","6","32","3","2","2","3","3","1","1","2","1","2","","","1","ERROR","","ERROR","370"
"371","","L","4","24","0.8","ATP","3","control","41934","1","98","86","50","","4","86","4","4","4","3","4","4","1","1","1","1","","lots of dead branches","1","ERROR","","ERROR","371"
"372","","L","4","30.1","0.5","ATV","2","remove","41934","1","48","24","25","","7","0","","","","","","","","","","","","","1","ERROR","","ERROR","372"
"373","","L","4","38.6","1.1","ATV","3","control","41934","1","116","74","57","","24","95","3","12","10","4","8","8","5","8","4","3","","","1","ERROR","","ERROR","373"
"374","","L","4","41.4","1.5","ATP","2","remove","41934","1","12","13","15","","1","0","","","","","","","","","","","","","1","ERROR","","ERROR","374"
"375","","L","4","49","0.3","ATP","3","remove","41934","1","100","94","47","","43","102","12","6","3","4","5","4","7","9","3","6","","dead branches","1","ERROR","some dead branches on edge","ERROR","375"
"376","","L","4","53.7","0.3","ATV","2","control","41934","1","45","32","36","","9","1","4","","","","","","","","","","","","1","ERROR","","ERROR","376"
"377","","L","4","60.3","0.6","ATV","3","remove","41934","1","160","122","71","","126","438","8","6","3","3","4","4","4","6","1","5","","","1","ERROR","","ERROR","377"
"378","","L","4","66.6","-1","ATP","2","control","41934","1","16","18","16","","1","0","","","","","","","","","","","","","1","ERROR","","ERROR","378"
"379","","L","4","72","-0.7","ATP","3","remove","41934","1","41","37","35","","10","52","8","8","7","2","6","2","2","4","4","2","","","1","ERROR","","ERROR","379"
"380","","L","4","78.5","-0.1","ATV","2","control","41934","1","29","28","30","","4","0","","","","","","","","","","","","","1","ERROR","","ERROR","380"
"381","","L","4","80.4","2.9","ATV","3","remove","41934","1","56","46","44","","10","26","8","9","4","4","3","6","4","6","5","8","","half of plant dead","1","ERROR","","ERROR","381"
"382","","L","4","89.5","-0.9","ATP","2","remove","41934","1","42","18","30","","5","8","6","6","7","7","7","4","9","7","","","","one brown fuzzy gall ","1","ERROR","","ERROR","382"
"383","","L","4","95.9","-0.2","ATP","3","remove","41934","1","57","47","36","","12","31","9","13","7","8","11","10","6","7","9","9","","","1","ERROR","","ERROR","383"
"20","","L","3","0.9","-0.3","ATV","1","control","41934","1","2","1","6","2","","","","","","","","","","","","","","","1","ERROR","","ERROR","1073"
"336","","L","3","4.2","0.1","ATP","1","control","41934","0","","","","","","","","","","","","","","","","","","dry gray ","1","ERROR","","ERROR","336"
"23","","L","3","4.9","2.5","ATV","1","remove","41934","1","5","3","7","3.1","","","","","","","","","","","","","","","1","ERROR","","ERROR","1074"
"338","","L","3","15.8","-3.3","ATP","1","control","41934","1","9","7","8","4","","","","","","","","","","","","","","","1","ERROR","","ERROR","338"
"836","","L","3","20.6","0.4","ATV","1","control","41934","1","2","2","4","1.9","","","","","","","","","","","","","","","1","ERROR","","ERROR","1075"
"340","","L","3","20.7","-0.7","ATV","1","remove","41934","1","5","4","6","3.4","","","","","","","","","","","","","","","1","ERROR","","ERROR","340"
"341","","L","3","23.1","-3.9","ATV","1","control","41934","1","5","2","10","4","","","","","","","","","","","","","","brown fuzzy gall ","1","ERROR","","ERROR","341"
"343","","L","3","25.5","0.9","ATP","1","control","41934","1","7","5","12","4","","","","","","","","","","","","","","brown fuzzy gall ","1","ERROR","","ERROR","343"
"345","","L","3","27.6","-2.8","ATV","1","control","41934","1","3","3","6","2","","","","","","","","","","","","","","","1","ERROR","","ERROR","345"
"606","","L","3","29.6","0.2","ATV","1","remove","41934","1","4","2","7","2","","","","","","","","","","","","","","","1","ERROR","","ERROR","1076"
"346","","L","3","29.7","-0.6","ATV","1","control","41934","1","5","7","11","4.1","","","","","","","","","","","","","","","1","ERROR","","ERROR","346"
"348","","L","3","30.7","-0.1","ATV","1","control","41934","0","","","","","","","","","","","","","","","","","","no leaves","1","ERROR","lvs with yellow tips","ERROR","348"
"14","","L","3","30.9","3","ATP","1","control","41934","1","4","3","6","2.4","","","","","","","","","","","","","","","1","ERROR","","ERROR","1079"
"347","","L","3","31.2","-0.7","ATV","1","remove","41934","1","6","8","15","4.9","","","","","","","","","","","","","","","1","ERROR","","ERROR","347"
"349","","L","3","33.8","3.6","ATP","1","control","41934","1","5","3","7","2","","","","","","","","","","","","","","","1","ERROR","","ERROR","349"
"354","","L","3","42.6","-1","ATV","1","remove","41934","1","5","4","10","3","","","","","","","","","","","","","","","1","ERROR","","ERROR","354"
"355","","L","3","45.5","4.7","ATP","1","remove","41934","1","6","5","7","2.7","","","","","","","","","","","","","","","1","ERROR","","ERROR","355"
"356","","L","3","49.8","1","ATV","1","remove","41934","1","5","2","8","2.5","","","","","","","","","","","","","","","1","ERROR","","ERROR","356"
"357","","L","3","53.1","2","ATP","1","remove","41934","1","3","2","3","1.7","","","","","","","","","","","","","","","1","ERROR","white spots on leaves","ERROR","357"
"10","","L","3","53.2","1","ATP","1","remove","41934","1","2","3","5","1.8","","","","","","","","","","","","","","","1","ERROR","","ERROR","1078"
"358","","L","3","57.1","-2.6","ATP","1","control","41934","1","4","3","8","2.1","","","","","","","","","","","","","","","1","ERROR","","ERROR","358"
"359","","L","3","58.6","-3.5","ATP","1","remove","41934","1","4","5","6","2.2","","","","","","","","","","","","","","","1","ERROR","","ERROR","359"
"360","","L","3","58.9","-2.8","ATP","1","remove","41934","1","7","5","4","2.7","","","","","","","","","","","","","","","1","ERROR","","ERROR","360"
"6","","L","3","60.7","-0.8","ATP","1","control","41934","1","1","3","4","2.2","","","","","","","","","","","","","1","tips of leaves browsed ","1","ERROR","","ERROR","1077"
"362","","L","3","67.8","1","ATP","1","control","41934","1","3","1","4","1.7","","","","","","","","","","","","","","","1","ERROR","","ERROR","362"
"363","","L","3","70.3","2","ATP","1","remove","41934","1","6","5","7","2.8","","","","","","","","","","","","","","","1","ERROR","","ERROR","363"
"365","","L","3","72.7","-2.5","ATP","1","remove","41934","1","0","","","","","","","","","","","","","","","","","no leaves","1","ERROR","","ERROR","365"
"366","","L","3","74.8","-3","ATP","1","remove","41934","1","9","4","11","3.7","","","","","","","","","","","","","1","tip of leaves browsed","1","ERROR","","ERROR","366"
"384","","L","2","6.2","-0.5","ATV","2","remove","41933","1","53","41","40","","10","7","5","6","15","5","9","5","7","","","","","","1","ERROR","","ERROR","384"
"385","","L","2","10.8","-0.8","ATV","3","remove","41933","1","79","69","57","","28","58","10","8","6","9","7","5","4","13","8","1","","black rust","1","ERROR","","ERROR","385"
"386","","L","2","17.6","0.9","ATP","2","control","41933","1","14","8","20","","1","0","","","","","","","","","","","","","1","ERROR","","ERROR","386"
"387","","L","2","23.1","-1.8","ATP","3","control","41933","1","116","107","68","","56","62","4","2","5","2","1","5","4","4","2","1","","many dead branches","1","ERROR","canopy thinning out","ERROR","387"
"388","","L","2","29.3","0","ATV","2","remove","41933","1","33","30","38","","6","0","","","","","","","","","","","","aborted infls, black rust on leaves","1","ERROR","","ERROR","388"
"389","","L","2","35.7","-0.4","ATV","3","control","41933","1","74","65","68","","26","86","2","3","1","1","2","2","2","1","1","1","","some black stem cankers ","1","ERROR","","ERROR","389"
"390","","L","2","42.6","-0.1","ATP","2","control","41933","1","28","7","34","","1","0","","","","","","","","","","","","canopy in two parts","1","ERROR","","ERROR","390"
"391","","L","2","47.2","0","ATP","3","remove","41933","1","55","63","60","","23","66","6","4","10","8","5","8","8","9","6","9","","one dead branch ","1","ERROR","","ERROR","391"
"392","","L","2","53.9","1.1","ATV","2","control","41934","1","20","25","32","","3","0","","","","","","","","","","","","few aborted infls ","1","ERROR","","ERROR","392"
"393","","L","2","57.3","-0.9","ATV","3","remove","41934","1","99","85","51","","57","63","11","10","8","6","15","9","7","16","14","10","","few aborted infls ","1","ERROR","","ERROR","393"
"394","","L","2","65.7","-0.4","ATP","2","remove","41934","1","13","12","20","","1","0","","","","","","","","","","","","change x","1","ERROR","resprouting","ERROR","394"
"395","","L","2","70.5","0.1","ATP","3","control","41934","1","54","24","37","","7","12","1","2","3","2","1","2","2","1","4","3","","change x","1","ERROR","","ERROR","395"
"396","","L","2","77.2","-0.1","ATV","2","control","41934","1","34","20","35","","4","0","","","","","","","","","","","","","1","ERROR","right next to separate plant","ERROR","396"
"397","","L","2","81","-0.2","ATV","3","control","41934","1","57","54","53","","17","47","4","4","3","1","2","2","3","3","1","2","","aborted infls","1","ERROR","","ERROR","397"
"398","","L","2","90.4","-0.3","ATP","2","remove","41934","1","13","13","13","","1","0","","","","","","","","","","","","","1","ERROR","","ERROR","398"
"399","","L","2","97","-1","ATP","3","control","41934","1","91","56","40","","26","306","8","3","5","4","3","5","5","5","6","3","","","1","ERROR","","ERROR","399"
"797","","L","5","1","0","ATP","5","remove","41934","1","6","4","11","5.2","","","","","","","","","","","","","","","1","ERROR","","ERROR","935"
"570","","L","5","11","0","ATP","5","control","41934","1","3","4","5","3","","","","","","","","","","","","","","","1","ERROR","","ERROR","937"
"408","","L","5","13","0","ATV","5","control","41934","1","4","3","4","3.3","","","","","","","","","","","","","","","1","ERROR","","ERROR","938"
"775","","L","5","15","0.5","ATP","4","control","41934","1","1","1","6","1.7","","","","","","","","","","","","","","","1","ERROR","","ERROR","775"
"776","","L","5","25","-0.5","ATP","4","control","41934","1","3","2","4","1.7","","","","","","","","","","","","","","","1","ERROR","","ERROR","776"
"777","","L","5","25","0.5","ATP","4","remove","41934","1","5","4","6","2.2","","","","","","","","","","","","","","","1","ERROR","","ERROR","777"
"662","","L","5","31","0","ATP","5","control","41934","0","","","","","","","","","","","","","","","","","","dry gray ","1","ERROR","","ERROR","941"
"778","","L","5","35","-0.5","ATP","4","remove","41934","1","5","3","6","2.1","","","","","","","","","","","","","","","1","ERROR","","ERROR","778"
"779","","L","5","35","0.5","ATP","4","control","41934","1","5","3","6","2.7","","","","","","","","","","","","","","","1","ERROR","","ERROR","779"
"578","","L","5","37","-0.5","ATV","4","remove","41934","1","4","3","6","2.6","","","","","","","","","","","","","","","1","ERROR","","ERROR","578"
"579","","L","5","37","0.5","ATV","4","control","41934","1","4","2","6","2.1","","","","","","","","","","","","","","","1","ERROR","","ERROR","579"
"679","","L","5","41","0","ATP","5","control","41934","1","2","1","3","1.8","","","","","","","","","","","","","","","1","ERROR","","ERROR","943"
"651","","L","5","43","0","ATV","5","control","41934","1","3","2","4","2.1","","","","","","","","","","","","","","","1","ERROR","","ERROR","944"
"780","","L","5","45","-0.5","ATP","4","remove","41934","1","4","2","6","2.3","","","","","","","","","","","","","","","1","ERROR","","ERROR","780"
"781","","L","5","45","0.5","ATP","4","control","41934","1","5","4","5","2.4","","","","","","","","","","","","","","brown fuzzy galls ","1","ERROR","","ERROR","781"
"580","","L","5","47","-0.5","ATV","4","control","41934","1","3","3","7","2","","","","","","","","","","","","","","","1","ERROR","","ERROR","580"
"581","","L","5","47","0.5","ATV","4","remove","41934","1","3","4","5","2.4","","","","","","","","","","","","","","","1","ERROR","","ERROR","581"
"451","","L","5","51","0","ATP","5","remove","41934","0","","","","","","","","","","","","","","","","","","no leaves","1","ERROR","","ERROR","945"
"782","","L","5","55","-0.5","ATP","4","control","41934","1","6","4","6","2.7","","","","","","","","","","","","","","","1","ERROR","","ERROR","782"
"783","","L","5","55","0.5","ATP","4","remove","41934","1","6","6","6","2.8","","","","","","","","","","","","","","","1","ERROR","","ERROR","783"
"582","","L","5","58","-0.5","ATV","4","control","41934","1","3","2","4","1.8","","","","","","","","","","","","","","brown fuzzy galls ","1","ERROR","","ERROR","582"
"583","","L","5","58","0.5","ATV","4","remove","41934","1","6","5","7","3.6","","","","","","","","","","","","","","","1","ERROR","","ERROR","583"
"831","","L","5","61","0","ATP","5","remove","41934","1","2","2","8","2","","","","","","","","","","","","","","","1","ERROR","","ERROR","947"
"759","","L","5","63","0","ATV","5","remove","41934","1","4","2","5","2.5","","","","","","","","","","","","","1","some browsing ","1","ERROR","","ERROR","948"
"784","","L","5","65","-0.5","ATP","4","remove","41934","1","6","4","7","2.6","","","","","","","","","","","","","","","1","ERROR","","ERROR","784"
"785","","L","5","65","0.5","ATP","4","control","41934","1","3","2","6","1.7","","","","","","","","","","","","","","","1","ERROR","","ERROR","785"
"584","","L","5","67","-0.5","ATV","4","remove","41934","1","5","5","8","3.7","","","","","","","","","","","","","","","1","ERROR","","ERROR","584"
"817","","L","5","71","0","ATP","5","control","41934","1","2","2","5","1.7","","","","","","","","","","","","","","","1","ERROR","","ERROR","949"
"825","","L","5","73","0","ATV","5","remove","41934","1","3","4","5","2.5","","","","","","","","","","","","","","","1","ERROR","","ERROR","950"
"786","","L","5","75","-0.5","ATP","4","control","41934","1","3","3","8","1.8","","","","","","","","","","","","","","","1","ERROR","","ERROR","786"
"787","","L","5","75","0.5","ATP","4","remove","41934","1","6","7","8","4.3","","","","","","","","","","","","","","","1","ERROR","","ERROR","787"
"586","","L","5","78","-0.5","ATV","4","remove","41934","1","5","6","9","4","","","","","","","","","","","","","","","1","ERROR","","ERROR","586"
"641","","L","5","81","0","ATP","5","control","41934","1","3","3","5","2.1","","","","","","","","","","","","","","","1","ERROR","","ERROR","951"
"594","","L","5","83","0","ATV","5","control","41934","1","7","4","6","3","","","","","","","","","","","","","","","1","ERROR","","ERROR","952"
"788","","L","5","85","-0.5","ATP","4","remove","41934","1","5","5","6","2.4","","","","","","","","","","","","","","","1","ERROR","","ERROR","788"
"789","","L","5","85","0.5","ATP","4","control","41934","1","5","4","6","2.2","","","","","","","","","","","","","","","1","ERROR","","ERROR","789"
"795","","L","5","91","0","ATP","5","remove","41934","1","5","4","5","2.6","","","","","","","","","","","","","","","1","ERROR","","ERROR","953"
"571","","L","5","93","0","ATV","5","control","41934","1","4","3","8","2.3","","","","","","","","","","","","","","","1","ERROR","","ERROR","954"
"791","","L","5","95","0.5","ATP","4","control","41934","1","4","3","5","2.4","","","","","","","","","","","","","","","1","ERROR","","ERROR","791"
"590","","L","5","97","-0.5","ATV","4","control","41934","1","3","3","5","2.2","","","","","","","","","","","","","","","1","ERROR","","ERROR","590"
"591","","L","5","97","0.5","ATV","4","remove","41934","1","3","3","4","2.6","","","","","","","","","","","","","","","1","ERROR","","ERROR","591"
"735","","M","2","0.8","-7.2","ATV","1","remove","41935","3","1","1","3","1.8","","","","","","","","","","","","","","","1","ERROR","","ERROR","1104"
"400","","M","2","1.6","-3","ATV","1","control","41935","2","","","","","","","","","","","","","","","","","","","1","1","one leaf","browsed","400"
"401","","M","2","3.7","-1.7","ATV","1","control","41935","1","2","1","4","2.7","","","","","","","","","","","","","","","1","1","","frost heave","401"
"402","","M","2","6.5","-2.6","ATV","1","control","41935","1","1","1","6","2.6","","","","","","","","","","","","","","","1","1","","browsed resprouting","402"
"403","","M","2","14.1","1","ATV","1","remove","41935","0","","","","","","","","","","","","","","","","","","","1","1","","browsed","403"
"414","","M","2","15.5","6.8","ATV","1","control","41935","1","3","3","7","3.7","","","","","","","","","","","","","","","1","ERROR","","ERROR","1106"
"862","","M","2","16.1","1.9","ATV","1","control","41935","1","2","2","8","2.8","","","","","","","","","","","","","","","1","ERROR","","ERROR","1105"
"405","","M","2","17.5","-4","ATV","1","remove","41935","0","","","","","","","","","","","","","","","","","","","3","ERROR","left tag, no lvs","ERROR","405"
"695","","M","2","21.7","2.8","ATV","1","remove","41935","0","","","","","","","","","","","","","","","","","","","1","ERROR","","ERROR","1107"
"406","","M","2","27.5","2.5","ATV","1","remove","41935","0","","","","","","","","","","","","","","","","","","","3","1","no leaves","","406"
"407","","M","2","30","1.5","ATV","1","remove","41935","1","3","3","5","3","","","","","","","","","","","","","","","1","1","","","407"
"409","","M","2","43.9","-0.3","ATV","1","control","41935","1","2","2","5","1.8","","","","","","","","","","","","","","","1","1","","","409"
"404","","M","2","45.8","-2.6","ATV","1","remove","41935","0","","","","","","","","","","","","","","","","","","","1","ERROR","","ERROR","1108"
"411","","M","2","47.8","-0.5","ATV","6","remove","41935","0","","","","","","","","","","","","","","","","","","","1","ERROR","this is a new seedling coming up where old plant #411 was ","ERROR","1103"
"415","","M","2","77.5","0.2","ATV","1","control","41935","0","","","","","","","","","","","","","","","","","","","1","1","","browsed","415"
"361","","M","2","92.1","-6","ATV","1","control","41935","0","","","","","","","","","","","","","","","","","","","1","ERROR","","ERROR","1109"
"416","","M","3","5.9","-0.4","ATV","2","control","41935","1","18","13","38","","1","2","13","9","","","","","","","","","","","1","1","","","416"
"417","","M","3","12.4","-0.5","ATV","3","control","41935","1","92","62","57","","21","10","7","5","9","7","7","9","5","6","8","7","","few sterile infls ","1","1","","","417"
"418","","M","3","18.1","0","ATV","2","remove","41935","1","42","36","56","","14","7","6","6","2","5","2","7","7","","","","1","5 infls on the ground infls browsed, some of the infls lenghts are short becaused they were browsed","1","1","","","418"
"419","","M","3","24.7","-0.1","ATV","3","remove","41935","1","116","132","68","","51","69","9","10","11","11","12","11","16","10","11","10","","few black stem cankers","1","1","","","419"
"420","","M","3","30.1","-0.1","ATV","2","remove","41935","1","32","24","59","","6","2","8","11","","","","","","","","","","","1","1","","","420"
"421","","M","3","36.5","-0.3","ATV","3","remove","41935","1","114","96","52","","31","24","14","6","10","10","11","2","16","7","11","8","","some black rust canopy in 3 parts","1","1","","","421"
"423","","M","3","47.9","0.1","ATV","3","control","41935","1","55","65","64","","10","5","5","7","9","12","9","","","","","","","","1","1","","","423"
"424","","M","3","54.3","-0.7","ATV","2","control","41935","1","5","3","11","","1","0","","","","","","","","","","","","","1","1","browsed","","424"
"425","","M","3","60.7","-0.4","ATV","3","control","41935","1","89","72","68","","27","1","7","","","","","","","","","","","","1","1","","","425"
"426","","M","3","65.8","-0.1","ATV","2","control","41935","1","13","13","36","","1","3","6","6","4","","","","","","","","","","1","1","","","426"
"427","","M","3","71.8","0.3","ATV","3","remove","41935","1","86","70","81","","26","19","8","15","15","9","13","14","11","12","12","8","","black aphids","1","1","","","427"
"428","","M","3","78.3","0","ATV","2","remove","41935","0","","","","","","","","","","","","","","","","","","","0","ERROR","left tag","ERROR","428"
"429","","M","3","84.1","0.1","ATV","3","control","41935","1","79","51","75","","14","12","3","6","9","7","6","6","5","5","6","6","","","1","1","","","429"
"611","","M","3","87","-0.2","ATV","2","remove","41935","1","28","19","38","","4","5","2","12","13","7","6","","","","","","","","1","ERROR","","ERROR","1110"
"431","","M","3","95.9","0.6","ATV","3","remove","41935","1","65","68","69","","17","24","10","7","4","4","6","4","3","8","4","4","1","6 infls on ground black rust","1","1","","","431"
"729","","M","4","1","0","ATP","5","control","41935","3","","","","","","","","","","","","","","","","","1","browsed ","1","1","resprouting","browsed","855"
"234","","M","4","3","0","ATV","5","control","41935","0","","","","","","","","","","","","","","","","","","","3","1","","browsed","856"
"712","","M","4","5","-0.5","ATP","4","control","41935","1","3","1","6","2.1","","","","","","","","","","","","","","","1","1","","","712"
"512","","M","4","7","-0.5","ATV","4","control","41935","1","4","2","7","2.7","","","","","","","","","","","","","","","1","1","","","512"
"513","","M","4","7","0.5","ATV","4","remove","41935","1","3","2","6","2.6","","","","","","","","","","","","","","","1","1","","","513"
"551","","M","4","11","0","ATP","5","remove","41935","0","","","","","","","","","","","","","","","","","","","1","1","","","857"
"353","","M","4","13","0","ATV","5","remove","41935","1","5","2","6","3.8","","","","","","","","","","","","","1","browsed a little ","1","1","","","858"
"714","","M","4","15","-0.5","ATP","4","control","41935","1","3","2","5","3","","","","","","","","","","","","","","no leaves","1","1","","","714"
"715","","M","4","15","0.5","ATP","4","remove","41935","1","2","2","2","2.4","","","","","","","","","","","","","1","browsed fuzzy white galls","1","1","resprouting","browsed resprouting back to life","715"
"514","","M","4","17","-0.5","ATV","4","remove","41935","0","","","","","","","","","","","","","","","","","","","3","1","dried out","browsed","514"
"515","","M","4","17","0.5","ATV","4","control","41935","1","2","2","4","2","","","","","","","","","","","","","","","1","1","resprouting ","browsed","515"
"351","","M","4","21","0","ATP","5","control","41935","0","","","","","","","","","","","","","","","","","","","1","1","","browsed","859"
"76","","M","4","23","0","ATV","5","control","41935","0","","","","","","","","","","","","","","","","","","","0","ERROR","left tag","ERROR","860"
"716","","M","4","25","-0.5","ATP","4","control","41935","0","","","","","","","","","","","","","","","","","","","0","ERROR","left tag","ERROR","716"
"516","","M","4","27","-0.5","ATV","4","remove","41935","0","","","","","","","","","","","","","","","","","","","1","1","resprouting ","browsed","516"
"517","","M","4","27","0.5","ATV","4","control","41935","0","","","","","","","","","","","","","","","","","","","0","ERROR","left tag","ERROR","517"
"830","","M","4","31","0","ATP","5","remove","41935","1","5","3","6","2.4","","","","","","","","","","","","","1","browsed","1","1","","","861"
"243","","M","4","33","0","ATV","5","remove","41935","0","","","","","","","","","","","","","","","","","","","1","1","","browsed","862"
"719","","M","4","35","0.5","ATP","4","remove","41935","0","","","","","","","","","","","","","","","","","","","0","ERROR","left tag","ERROR","719"
"519","","M","4","37","0.5","ATV","4","control","41935","1","3","1","4","1.8","","","","","","","","","","","","","","","1","1","","","519"
"261","","M","4","41","0","ATP","5","remove","41935","0","","","","","","","","","","","","","","","","","","","1","1","","","863"
"364","","M","4","43","0","ATV","5","remove","41935","1","4","2","5","3.4","","","","","","","","","","","","","1","browsed entirely ","1","1","","","864"
"520","","M","4","47","-0.5","ATV","4","control","41934","0","","","","","","","","","","","","","","","","","","","0","ERROR","left tag","ERROR","520"
"521","","M","4","47","0.5","ATV","4","remove","41934","0","","","","","","","","","","","","","","","","","","","1","1","","browsed resprouting ","521"
"813","","M","4","51","0","ATP","5","remove","41934","3","","","","","","","","","","","","","","","","","1","browsed ","1","1","","","865"
"100","","M","4","53","0","ATV","5","control","41934","1","1","1","2","3.1","","","","","","","","","","","","","1","browsed","1","1","","resprouting ","866"
"522","","M","4","57","-0.5","ATV","4","control","41934","0","","","","","","","","","","","","","","","","","","","0","ERROR","left tag","ERROR","522"
"810","","M","4","61","0","ATP","5","control","41934","0","","","","","","","","","","","","","","","","","1","browsed ","3","3","left tag","fresh browse","867"
"453","","M","4","63","0","ATV","5","control","41934","0","","","","","","","","","","","","","","","","","","","0","ERROR","left tag","ERROR","868"
"725","","M","4","65","0.5","ATP","4","control","41934","1","2","1","3","2.2","","","","","","","","","","","","","","","1","1","","browsed resprouting","725"
"524","","M","4","67","-0.5","ATV","4","remove","41934","0","","","","","","","","","","","","","","","","","","dead","3","1","freshly browsed","","524"
"525","","M","4","67","0.5","ATV","4","control","41934","1","2","3","4","1.7","","","","","","","","","","","","","","","1","1","","","525"
"452","","M","4","71","0","ATP","5","control","41934","1","5","2","7","2.9","","","","","","","","","","","","","","","1","1","","","869"
"681","","M","4","73","0","ATV","5","remove","41934","3","","","","","","","","","","","","","","","","","1","browsed, no leaves","1","1","","","870"
"727","","M","4","75","0.5","ATP","4","control","41934","1","2","2","3","1.9","","","","","","","","","","","","","1","browsed","1","1","","browsed resprouting","727"
"527","","M","4","77","0.5","ATV","4","remove","41934","1","3","2","7","2.5","","","","","","","","","","","","","1","browsed, black rust spots","1","1","","","527"
"723","","M","4","81","0","ATP","5","control","41934","0","","","","","","","","","","","","","","","","","","plant dug up ","0","ERROR","browsed, left tag","ERROR","871"
"688","","M","4","83","0","ATV","5","control","41934","0","","","","","","","","","","","","","","","","","","","3","1","browsed","","872"
"728","","M","4","84","-0.5","ATP","4","control","41934","0","","","","","","","","","","","","","","","","","","","0","ERROR","left tag","ERROR","728"
"528","","M","4","87","-0.5","ATV","4","control","41934","1","5","5","8","2.6","","","","","","","","","","","","","","","1","1","","healthy! ","528"
"529","","M","4","87","0.5","ATV","4","remove","41934","0","","","","","","","","","","","","","","","","","","","0","ERROR","left tag","ERROR","529"
"792","","M","4","91","0","ATP","5","control","41934","1","1","1","2","1.1","","","","","","","","","","","","","","","1","1","","","873"
"690","","M","4","93","0","ATV","5","control","41934","0","","","","","","","","","","","","","","","","","","","0","ERROR","browsed, left tag","ERROR","874"
"730","","M","4","95","-0.5","ATP","4","control","41934","0","","","","","","","","","","","","","","","","","","","0","ERROR","left tag","ERROR","730"
"731","","M","4","95","0.5","ATP","4","remove","41934","0","","","","","","","","","","","","","","","","","","","0","ERROR","left tag","ERROR","731"
"530","","M","4","97","-0.5","ATV","4","control","41934","0","","","","","","","","","","","","","","","","","","","0","ERROR","left tag","ERROR","530"
"449","","M","3","69.8","-1","ATV","2","control","41938","1","9","7","8","","1","","","","","","","","","","","","","","","","","",""
"","","","","","","","","","","","","","","","","","","","","","","","","","","","","","","","","",""
